0.0628	0.676	0.6132	0.0642	0.2537	0.1895	0.0647	0.9258	0.8611	0.0985	2.1108	2.0123	0.0652	1.191	1.1258	0.0679	0.9008	0.8329	0.057	0.2988	0.2418	0.0655	0.8757	0.8102	0.0605	0.831	0.7705	0.0607	1.0383	0.9776	0.0895
0.0518	1.069	1.0172	0.0597	0.678	0.6183	0.0523	0.2363	0.184	0.0824	1.3456	1.2632	0.0562	1.4341	1.3779	0.0684	0.8113	0.7429	0.0533	0.2671	0.2138	0.0808	0.2458	0.165	0.0568	1.2078	1.151	0.0797	0.9813	0.9016	0.0797
0.0562	1.3375	1.2813	0.0499	0.3793	0.3294	0.0383	0.2273	0.189	0.0652	1.516	1.4508	0.0552	1.4481	1.3929	0.0605	1.1174	1.0569	0.0462	0.2125	0.1663	0.0731	0.431	0.3579	0.0486	0.4816	0.433	0.0525	0.8282	0.7757	0.0631
0.046	0.5399	0.4939	0.0504	0.3272	0.2768	0.037	0.2138	0.1768	0.0531	1.4715	1.4184	0.052	1.0495	0.9975	0.0562	0.9447	0.8885	0.0436	0.5873	0.5437	0.0626	0.5619	0.4993	0.0541	0.5755	0.5214	0.0615	1.8579	1.7964	0.0697
0.0446	0.5918	0.5472	0.043	0.2995	0.2565	0.0357	0.1859	0.1502	0.075	1.6591	1.5841	0.0407	0.9457	0.905	0.0715	1.5099	1.4384	0.0504	0.2207	0.1703	0.0763	0.2387	0.1624	0.0449	0.4471	0.4022	0.0388	1.1824	1.1436	0.0491
0.0462	0.4689	0.4227	0.0531	0.4996	0.4465	0.0544	0.1948	0.1404	0.1085	0.9843	0.8758	0.052	1.2126	1.1606	0.0504	0.8735	0.8231	0.0465	0.2569	0.2104	0.0927	0.4345	0.3418	0.051	1.1472	1.0962	0.0423	0.6916	0.6493	0.0597
0.042	0.4248	0.3828	0.0433	0.251	0.2077	0.0354	0.1684	0.133	0.0737	1.1292	1.0555	0.0465	0.9338	0.8873	0.0673	0.8962	0.8289	0.0494	0.4327	0.3833	0.0681	0.2341	0.166	0.047	4.0252	3.9782	0.0668	0.7834	0.7166	0.0774
0.0475	0.4849	0.4374	0.0502	0.4278	0.3776	0.0518	0.2218	0.17	0.0839	1.155	1.0711	0.0425	1.2469	1.2044	0.0549	0.7315	0.6766	0.0462	0.2403	0.1941	0.08	0.2677	0.1877	0.051	0.4289	0.3779	0.0752	0.8179	0.7427	0.0752
0.0779	0.7988	0.7209	0.0449	0.4426	0.3977	0.042	0.1518	0.1098	0.1045	1.236	1.1315	0.0394	0.6309	0.5915	0.0512	0.9901	0.9389	0.038	0.1996	0.1616	0.0932	0.3017	0.2085	0.0541	0.5663	0.5122	0.0676	0.833	0.7654	0.0697
0.037	0.4781	0.4411	0.0436	0.2714	0.2278	0.0433	0.1972	0.1539	0.0818	0.8906	0.8088	0.0489	0.6161	0.5672	0.0565	1.0446	0.9881	0.0452	0.2435	0.1983	0.0937	0.2611	0.1674	0.0518	0.4292	0.3774	0.0523	0.7515	0.6992	0.0747
0.0525	0.5398	0.4873	0.0483	0.3151	0.2668	0.0401	1.0476	1.0075	0.1167	0.8878	0.7711	0.051	0.8438	0.7928	0.0504	0.9886	0.9382	0.0357	0.3266	0.2909	0.0892	0.2579	0.1687	0.0523	0.7452	0.6929	0.0504	1.0087	0.9583	0.0531
0.0394	0.4293	0.3899	0.0388	0.2824	0.2436	0.0312	0.1743	0.1431	0.0715	1.2716	1.2001	0.0481	1.0507	1.0026	0.0515	0.5165	0.465	0.0481	0.2685	0.2204	0.0995	0.1832	0.0837	0.0449	0.4288	0.3839	0.0504	1.4449	1.3945	0.0544
0.047	0.5277	0.4807	0.0489	0.3978	0.3489	0.0246	0.373	0.3484	0.0966	0.9793	0.8827	0.042	1.4971	1.4551	0.0549	0.4236	0.3687	0.0444	0.254	0.2096	0.0966	0.202	0.1054	0.0491	0.3658	0.3167	0.0541	0.9259	0.8718	0.0628
0.0489	0.4642	0.4153	0.0478	0.2592	0.2114	0.0372	0.1797	0.1425	0.1132	1.0774	0.9642	0.0467	0.8537	0.807	0.0515	0.3927	0.3412	0.0417	0.1722	0.1305	0.0979	0.1452	0.0473	0.0441	0.3196	0.2755	0.0449	0.5921	0.5472	0.0425
0.0523	0.7832	0.7309	0.0428	0.3215	0.2787	0.0407	0.2642	0.2235	0.0808	1.6525	1.5717	0.0565	1.1686	1.1121	0.0549	0.8004	0.7455	0.051	0.2472	0.1962	0.0858	0.1951	0.1093	0.0478	0.9067	0.8589	0.0515	1.2484	1.1969	0.0305
0.056	0.6235	0.5675	0.0489	0.3263	0.2774	0.0409	0.2771	0.2362	0.0792	1.5163	1.4371	0.0491	1.5805	1.5314	0.0586	0.4981	0.4395	0.0507	0.3901	0.3394	0.0816	0.2521	0.1705	0.0423	0.3418	0.2995	0.0452	1.0138	0.9686	0.0818
0.0454	0.5061	0.4607	0.0462	0.2711	0.2249	0.0401	0.1826	0.1425	0.1114	1.1421	1.0307	0.0504	1.0094	0.959	0.0518	0.4279	0.3761	0.0486	0.2086	0.16	0.089	0.159	0.07	0.0454	0.3412	0.2958	0.0423	0.6776	0.6353	0.0515
0.0486	0.4045	0.3559	0.0504	0.298	0.2476	0.0383	0.1777	0.1394	0.0958	0.9297	0.8339	0.0491	0.7538	0.7047	0.0531	0.3648	0.3117	0.0438	0.2392	0.1954	0.1088	0.4197	0.3109	0.0507	0.3177	0.267	0.0394	0.6177	0.5783	0.0544
0.056	0.5019	0.4459	0.0436	0.4933	0.4497	0.0581	0.2571	0.199	0.1093	1.0165	0.9072	0.0452	0.6403	0.5951	0.0494	0.4904	0.441	0.0465	0.1822	0.1357	0.1056	0.2228	0.1172	0.0454	0.2919	0.2465	0.042	0.6462	0.6042	0.0684
0.0483	0.4823	0.434	0.047	0.288	0.241	0.0391	0.2634	0.2243	0.1219	0.989	0.8671	0.0525	0.5175	0.465	0.0512	0.3526	0.3014	0.0404	0.2033	0.1629	0.1008	0.155	0.0542	0.0475	0.324	0.2765	0.0489	1.06	1.0111	0.0623
0.0489	0.4761	0.4272	0.046	0.2756	0.2296	0.0404	0.208	0.1676	0.1154	0.9458	0.8304	0.0438	0.6722	0.6284	0.0481	0.3287	0.2806	0.0404	0.1917	0.1513	0.1059	0.1701	0.0642	0.0478	0.3273	0.2795	0.0475	1.0607	1.0132	0.0834
0.0573	0.6671	0.6098	0.0444	0.2885	0.2441	0.0489	0.2197	0.1708	0.1193	0.9629	0.8436	0.0478	0.5657	0.5179	0.0536	0.3838	0.3302	0.0444	0.178	0.1336	0.0892	0.1573	0.0681	0.0465	0.3566	0.3101	0.0489	0.6048	0.5559	0.0686
0.0502	0.438	0.3878	0.0499	0.2566	0.2067	0.0446	0.2233	0.1787	0.109	0.9843	0.8753	0.0536	0.5023	0.4487	0.0409	0.9522	0.9113	0.0489	0.8391	0.7902	0.1003	0.3067	0.2064	0.0642	0.6379	0.5737	0.0504	2.3368	2.2864	0.0771
0.0581	0.4153	0.3572	0.0576	0.2677	0.2101	0.0444	0.222	0.1776	0.1122	0.9376	0.8254	0.0525	0.4817	0.4292	0.0502	0.3411	0.2909	0.0375	0.1951	0.1576	0.0995	0.4051	0.3056	0.0557	0.4763	0.4206	0.0478	1.2555	1.2077	0.0821
0.0589	0.4372	0.3783	0.0473	0.2685	0.2212	0.0409	0.1871	0.1462	0.1172	0.9532	0.836	0.0486	0.5897	0.5411	0.0539	1.0649	1.011	0.0446	0.2458	0.2012	0.1027	0.3202	0.2175	0.0531	0.4872	0.4341	0.0475	1.0686	1.0211	0.0832
0.0491	0.4303	0.3812	0.0433	0.2732	0.2299	0.0417	0.208	0.1663	0.089	1.0292	0.9402	0.0528	0.6981	0.6453	0.0586	0.9417	0.8831	0.052	0.249	0.197	0.0887	0.2423	0.1536	0.0533	0.5541	0.5008	0.0515	0.9417	0.8902	0.0576
0.0515	0.3845	0.333	0.0478	0.2692	0.2214	0.0475	0.2985	0.251	0.1124	1.036	0.9236	0.0528	1.7947	1.7419	0.0539	0.3675	0.3136	0.0396	0.1872	0.1476	0.0971	0.1592	0.0621	0.0444	0.4334	0.389	0.0486	0.5034	0.4548	0.0763
0.0547	0.4014	0.3467	0.047	0.2537	0.2067	0.0507	0.1769	0.1262	0.1148	1.0218	0.907	0.0452	0.481	0.4358	0.0531	0.3743	0.3212	0.0475	0.1964	0.1489	0.1154	0.3683	0.2529	0.0541	1.4302	1.3761	0.066	0.8496	0.7836	0.071
0.0512	0.5992	0.548	0.0359	0.289	0.2531	0.042	0.2194	0.1774	0.1309	0.9513	0.8204	0.0441	0.8205	0.7764	0.0568	1.0061	0.9493	0.0465	0.2706	0.2241	0.095	0.255	0.16	0.0481	0.426	0.3779	0.0531	0.9088	0.8557	0.062
0.0491	0.5375	0.4884	0.0465	0.2832	0.2367	0.0457	0.2273	0.1816	0.0974	1.0231	0.9257	0.0462	0.9411	0.8949	0.0681	0.8609	0.7928	0.0467	0.1925	0.1458	0.0919	0.2828	0.1909	0.0441	0.4304	0.3863	0.046	0.3794	0.3334	0.0398
0.0496	0.5615	0.5119	0.0489	0.3289	0.28	0.038	0.2038	0.1658	0.1217	0.8463	0.7246	0.0462	0.5509	0.5047	0.0478	0.3349	0.2871	0.042	0.2047	0.1627	0.113	0.2389	0.1259	0.0454	0.5003	0.4549	0.0449	0.9444	0.8995	0.1088
0.0549	0.4003	0.3454	0.052	1.3208	1.2688	0.052	0.4019	0.3499	0.1088	1.0551	0.9463	0.0444	0.7523	0.7079	0.0478	0.3706	0.3228	0.0494	0.2221	0.1727	0.0919	0.2247	0.1328	0.0607	1.1938	1.1331	0.0694	0.715	0.6456	0.0779
0.0507	0.4868	0.4361	0.0525	0.2993	0.2468	0.0314	0.2961	0.2647	0.1124	1.0077	0.8953	0.061	1.3174	1.2564	0.0552	0.4036	0.3484	0.0536	0.2263	0.1727	0.1177	0.1811	0.0634	0.0525	0.361	0.3085	0.051	0.9283	0.8773	0.0708
0.0512	0.4311	0.3799	0.0457	0.2611	0.2154	0.0489	0.2059	0.157	0.1235	1.1109	0.9874	0.0544	0.5411	0.4867	0.0454	0.3281	0.2827	0.0438	0.1832	0.1394	0.0924	0.1373	0.0449	0.0454	0.3351	0.2897	0.0512	0.7024	0.6512	0.0665
0.061	0.4335	0.3725	0.0518	0.3133	0.2615	0.046	0.1281	0.0821	0.1378	1.0693	0.9315	0.0531	0.5556	0.5025	0.047	0.4295	0.3825	0.047	0.1796	0.1326	0.1066	0.2143	0.1077	0.0541	2.2388	2.1847	0.0665	1.4908	1.4243	0.0676
0.08	1.1529	1.0729	0.0489	0.3009	0.252	0.0449	0.2851	0.2402	0.1146	1.1749	1.0603	0.0525	1.5779	1.5254	0.0539	0.3807	0.3268	0.046	0.2044	0.1584	0.0905	0.1331	0.0426	0.0491	0.3987	0.3496	0.0504	1.0987	1.0483	0.0673
0.0549	0.5071	0.4522	0.046	0.2896	0.2436	0.0388	0.1837	0.1449	0.1072	1.9517	1.8445	0.0512	1.2216	1.1704	0.0515	0.3667	0.3152	0.046	0.1836	0.1376	0.1043	0.2374	0.1331	0.0605	0.4012	0.3407	0.0489	0.8547	0.8058	0.0723
0.0475	0.5353	0.4878	0.0481	0.5379	0.4898	0.0454	0.2193	0.1739	0.1159	0.8545	0.7386	0.046	1.4518	1.4058	0.0539	0.3936	0.3397	0.0512	0.2012	0.15	0.0824	0.1308	0.0484	0.0481	0.9883	0.9402	0.0557	1.8658	1.8101	0.0673
0.0615	0.9198	0.8583	0.0486	0.5545	0.5059	0.0544	0.5339	0.4795	0.1285	1.0653	0.9368	0.0533	0.5229	0.4696	0.0576	0.368	0.3104	0.0523	0.1859	0.1336	0.0937	0.1539	0.0602	0.046	0.4149	0.3689	0.0586	0.8834	0.8248	0.0557
0.0602	0.5908	0.5306	0.046	0.3938	0.3478	0.0454	0.1803	0.1349	0.1008	1.003	0.9022	0.0523	0.6372	0.5849	0.0438	0.416	0.3722	0.0446	0.2186	0.174	0.0803	0.1173	0.037	0.0452	0.3592	0.314	0.0502	0.8483	0.7981	0.0631
0.0525	0.4366	0.3841	0.0504	0.2761	0.2257	0.0433	0.1966	0.1533	0.1209	1.2192	1.0983	0.0452	0.5963	0.5511	0.051	0.3511	0.3001	0.0465	0.183	0.1365	0.1095	0.2022	0.0927	0.0533	0.3945	0.3412	0.0576	0.8204	0.7628	0.0692
0.0523	0.4755	0.4232	0.046	0.2922	0.2462	0.037	0.2181	0.1811	0.1164	1.0817	0.9653	0.0565	0.7667	0.7102	0.0634	0.9061	0.8427	0.0512	0.4292	0.378	0.1111	0.1816	0.0705	0.0496	0.3818	0.3322	0.0512	0.7121	0.6609	0.0528
0.0555	0.4278	0.3723	0.051	0.2877	0.2367	0.0446	0.2133	0.1687	0.1043	1.1693	1.065	0.0533	0.5395	0.4862	0.0565	0.3497	0.2932	0.0436	0.1738	0.1302	0.0998	0.1286	0.0288	0.0444	0.3838	0.3394	0.0525	0.662	0.6095	0.0634
0.0491	0.4599	0.4108	0.0462	0.265	0.2188	0.0481	0.1846	0.1365	0.1154	0.9632	0.8478	0.0475	0.6247	0.5772	0.0536	0.3455	0.2919	0.0494	0.177	0.1276	0.095	0.1911	0.0961	0.0536	0.3695	0.3159	0.0615	0.9755	0.914	0.0869
0.0539	0.4768	0.4229	0.0515	0.2653	0.2138	0.0407	0.1827	0.142	0.1146	1.0894	0.9748	0.0557	1.0475	0.9918	0.0929	0.9039	0.811	0.0441	0.3516	0.3075	0.0993	0.2693	0.17	0.0673	0.5779	0.5106	0.0489	0.8521	0.8032	0.0708
0.0475	0.8446	0.7971	0.0489	0.3352	0.2863	0.043	0.213	0.17	0.1359	1.1975	1.0616	0.056	0.8623	0.8063	0.0549	0.4006	0.3457	0.0462	0.2184	0.1722	0.1172	0.179	0.0618	0.0502	0.3394	0.2892	0.0581	1.0064	0.9483	0.0744
0.0441	0.4435	0.3994	0.0438	0.4914	0.4476	0.0578	0.2573	0.1995	0.1449	3.0507	2.9058	0.0576	1.6304	1.5728	0.0573	0.3653	0.308	0.0512	0.1869	0.1357	0.1175	0.1598	0.0423	0.0557	0.3555	0.2998	0.0515	0.7309	0.6794	0.0655
0.0562	0.4155	0.3593	0.0512	0.2919	0.2407	0.0415	0.2091	0.1676	0.0945	1.1978	1.1033	0.057	0.6318	0.5748	0.0481	0.4248	0.3767	0.0494	0.4068	0.3574	0.1024	0.2611	0.1587	0.062	0.4251	0.3631	0.0623	0.9578	0.8955	0.0628
0.0544	0.4211	0.3667	0.0504	1.2569	1.2065	0.0441	0.2832	0.2391	0.1124	0.8391	0.7267	0.0525	1.6042	1.5517	0.0533	0.436	0.3827	0.0502	0.3139	0.2637	0.0726	0.1861	0.1135	0.0576	0.5175	0.4599	0.0589	0.8927	0.8338	0.0818
0.0539	0.4913	0.4374	0.0457	0.4859	0.4402	0.0452	0.2724	0.2272	0.0982	1.1379	1.0397	0.0523	0.5751	0.5228	0.0475	0.3835	0.336	0.0552	0.2669	0.2117	0.081	0.179	0.098	0.0441	0.4032	0.3591	0.042	0.624	0.582	0.0578
0.0499	0.619	0.5691	0.0399	0.3466	0.3067	0.043	0.6391	0.5961	0.0924	1.4366	1.3442	0.0729	1.5404	1.4675	0.0502	1.8238	1.7736	0.0301	0.4178	0.3877	0.0903	0.2445	0.1542	0.0504	0.3058	0.2554	0.042	0.7404	0.6984	0.0781
0.0328	0.5412	0.5084	0.0489	0.3028	0.2539	0.043	0.2935	0.2505	0.0631	1.5105	1.4474	0.0491	0.7294	0.6803	0.0481	0.4186	0.3705	0.0399	0.6327	0.5928	0.0766	0.1904	0.1138	0.0444	0.288	0.2436	0.0335	0.606	0.5725	0.0597
0.0504	1.4587	1.4083	0.0618	0.5608	0.499	0.0341	0.3183	0.2842	0.0639	1.4706	1.4067	0.0444	1.9511	1.9067	0.0547	0.4398	0.3851	0.033	0.2223	0.1893	0.0489	0.1426	0.0937	0.0425	0.4388	0.3963	0.0496	1.5386	1.489	0.0607
0.0481	0.9909	0.9428	0.0536	0.6814	0.6278	0.0396	0.218	0.1784	0.071	1.6596	1.5886	0.0457	0.5711	0.5254	0.0412	0.5294	0.4882	0.043	0.4906	0.4476	0.0737	0.4308	0.3571	0.0549	0.6096	0.5547	0.0747	1.4555	1.3808	0.0774
0.0515	0.4517	0.4002	0.052	0.299	0.247	0.0354	0.269	0.2336	0.062	1.3239	1.2619	0.0467	0.6701	0.6234	0.0531	0.3685	0.3154	0.0457	0.2888	0.2431	0.0803	0.3435	0.2632	0.0531	0.4017	0.3486	0.0425	1.1868	1.1443	0.0562
0.043	0.4306	0.3876	0.0499	0.2882	0.2383	0.0346	0.256	0.2214	0.056	1.3139	1.2579	0.0388	0.579	0.5402	0.0467	0.4705	0.4238	0.0467	0.4271	0.3804	0.0803	0.2688	0.1885	0.0473	0.326	0.2787	0.0486	0.8214	0.7728	0.0486
0.0417	0.5644	0.5227	0.0454	0.3373	0.2919	0.0333	0.2943	0.261	0.0681	1.5031	1.435	0.0626	1.2652	1.2026	0.0631	0.6342	0.5711	0.0399	0.6356	0.5957	0.0792	0.2067	0.1275	0.0533	0.381	0.3277	0.0478	1.5217	1.4739	0.0533
0.0573	0.5283	0.471	0.0473	0.2909	0.2436	0.0357	0.2672	0.2315	0.1003	1.44	1.3397	0.0475	0.6627	0.6152	0.0504	0.4278	0.3774	0.0465	0.4865	0.44	0.0768	0.1943	0.1175	0.0417	0.4853	0.4436	0.043	0.981	0.938	0.0515
0.0343	0.5082	0.4739	0.046	0.3141	0.2681	0.0301	0.3064	0.2763	0.0525	1.1373	1.0848	0.0425	0.5583	0.5158	0.046	0.4055	0.3595	0.0391	0.3828	0.3437	0.085	0.1943	0.1093	0.0473	0.5078	0.4605	0.0407	1.0048	0.9641	0.0478
0.0423	0.4227	0.3804	0.042	0.2998	0.2578	0.038	0.2542	0.2162	0.0803	1.4316	1.3513	0.0417	0.7004	0.6587	0.0401	0.4302	0.3901	0.0367	0.5152	0.4785	0.0729	0.2205	0.1476	0.047	0.5096	0.4626	0.0438	0.8388	0.795	0.0407
0.0454	0.4942	0.4488	0.0478	0.2998	0.252	0.032	0.2848	0.2528	0.0884	1.0753	0.9869	0.0483	0.8902	0.8419	0.0446	0.4167	0.3721	0.0475	0.545	0.4975	0.0858	0.2413	0.1555	0.0444	1.354	1.3096	0.0446	0.7654	0.7208	0.0423
0.0473	0.4383	0.391	0.047	0.3059	0.2589	0.0351	0.2507	0.2156	0.0594	1.1144	1.055	0.0489	1.7344	1.6855	0.0531	0.4432	0.3901	0.0457	0.4324	0.3867	0.0671	0.2297	0.1626	0.0473	0.5711	0.5238	0.043	0.6121	0.5691	0.0576
0.0454	0.4736	0.4282	0.0491	0.308	0.2589	0.0391	0.2616	0.2225	0.0613	1.2509	1.1896	0.0444	1.579	1.5346	0.0467	0.4595	0.4128	0.0457	0.5707	0.525	0.0737	0.2086	0.1349	0.0425	0.4673	0.4248	0.0383	0.9248	0.8865	0.0425
0.046	0.5309	0.4849	0.0483	0.5547	0.5064	0.0525	0.6125	0.56	0.0781	0.9661	0.888	0.0486	0.6155	0.5669	0.047	0.4028	0.3558	0.0409	0.4666	0.4257	0.0755	0.2313	0.1558	0.0441	0.5122	0.4681	0.0438	0.4488	0.405	0.0539
0.0502	0.4668	0.4166	0.0465	0.3117	0.2652	0.0349	0.2621	0.2272	0.0607	1.5696	1.5089	0.0515	0.8377	0.7862	0.0525	0.9245	0.872	0.0818	0.9593	0.8775	0.0752	0.2478	0.1726	0.0491	0.4993	0.4502	0.0507	0.4401	0.3894	0.0591
0.038	0.5422	0.5042	0.0478	0.3407	0.2929	0.0375	0.2072	0.1697	0.0533	0.6631	0.6098	0.052	0.7973	0.7453	0.0512	0.4424	0.3912	0.038	0.4632	0.4252	0.0779	0.3133	0.2354	0.0401	0.4816	0.4415	0.0444	0.771	0.7266	0.0549
0.0407	0.5003	0.4596	0.0436	0.3025	0.2589	0.0264	0.2528	0.2264	0.0644	2.4301	2.3657	0.0409	0.593	0.5521	0.0515	0.4323	0.3808	0.0409	0.4424	0.4015	0.0449	0.1751	0.1302	0.042	0.3362	0.2942	0.042	0.7098	0.6678	0.0636
0.0539	0.5417	0.4878	0.0409	0.3312	0.2903	0.0491	0.2333	0.1842	0.0694	0.4565	0.3871	0.0531	0.6406	0.5875	0.0452	0.4453	0.4001	0.0135	0.4625	0.449	0.1019	0.2392	0.1373	0.0462	0.5167	0.4705	0.0562	0.9923	0.9361	0.0256
0.0346	0.4288	0.3942	0.0502	0.4962	0.446	0.0525	0.2982	0.2457	0.0934	1.1914	1.098	0.0454	0.6902	0.6448	0.0539	0.4728	0.4189	0.0391	0.4991	0.46	0.0853	0.2231	0.1378	0.0504	0.4668	0.4164	0.0454	0.876	0.8306	0.0599
0.0512	0.4665	0.4153	0.0483	0.3183	0.27	0.0394	0.278	0.2386	0.0869	1.0144	0.9275	0.0499	0.6685	0.6186	0.0494	0.431	0.3816	0.0396	0.602	0.5624	0.1043	0.2128	0.1085	0.0473	0.4442	0.3969	0.0423	0.5916	0.5493	0.0499
0.033	0.4195	0.3865	0.047	0.298	0.251	0.0452	0.1772	0.132	0.0937	1.5091	1.4154	0.051	2.6028	2.5518	0.0528	0.444	0.3912	0.0528	0.4033	0.3505	0.0921	0.226	0.1339	0.0491	0.408	0.3589	0.0507	0.5441	0.4934	0.0467
0.0486	0.5401	0.4915	0.0452	0.6245	0.5793	0.047	0.3584	0.3114	0.0837	0.6846	0.6009	0.0491	0.6624	0.6133	0.0444	0.4241	0.3797	0.0388	0.4577	0.4189	0.0847	0.1845	0.0998	0.0446	0.4251	0.3805	0.0446	0.9396	0.895	0.0454
0.0444	0.4792	0.4348	0.0446	0.3273	0.2827	0.047	0.2917	0.2447	0.0829	0.4845	0.4016	0.0481	0.7196	0.6715	0.0481	0.4382	0.3901	0.0483	0.4664	0.4181	0.0832	0.1954	0.1122	0.0507	0.3671	0.3164	0.0499	2.4503	2.4004	0.0985
0.0481	0.5597	0.5116	0.0481	0.3302	0.2821	0.0423	0.3252	0.2829	0.0824	1.1036	1.0212	0.0536	0.6427	0.5891	0.0454	0.4012	0.3558	0.0428	0.458	0.4152	0.0634	0.1769	0.1135	0.0391	0.3236	0.2845	0.0401	0.6271	0.587	0.0409
0.0365	0.4995	0.463	0.0441	0.3283	0.2842	0.0354	0.2748	0.2394	0.0642	0.9131	0.8489	0.0528	0.6902	0.6374	0.0415	0.3865	0.345	0.0417	0.3191	0.2774	0.0673	0.1745	0.1072	0.0409	0.6655	0.6246	0.0417	0.6409	0.5992	0.0486
0.0428	0.6937	0.6509	0.0394	0.3611	0.3217	0.028	0.9638	0.9358	0.104	1.2155	1.1115	0.0438	0.6537	0.6099	0.0528	0.4769	0.4241	0.0457	0.5321	0.4864	0.0895	0.221	0.1315	0.0425	0.3726	0.3301	0.0351	0.4715	0.4364	0.0723
0.0454	0.6169	0.5715	0.0475	0.3003	0.2528	0.0399	0.2521	0.2122	0.0871	0.8487	0.7616	0.0565	0.7369	0.6804	0.0462	0.4089	0.3627	0.0407	0.4606	0.4199	0.0979	0.223	0.1251	0.0507	0.4106	0.3599	0.0467	0.5013	0.4546	0.0824
0.0584	0.5048	0.4464	0.0412	0.3017	0.2605	0.0388	0.2481	0.2093	0.0971	0.6943	0.5972	0.0473	0.62	0.5727	0.043	0.5022	0.4592	0.0689	0.5371	0.4682	0.0784	0.1935	0.1151	0.0502	0.4592	0.409	0.0473	0.7301	0.6828	0.0496
0.0473	0.5328	0.4855	0.0496	0.303	0.2534	0.0417	0.2568	0.2151	0.1069	1.1579	1.051	0.0467	0.6358	0.5891	0.0557	0.4212	0.3655	0.0473	0.5691	0.5218	0.0882	0.197	0.1088	0.0528	0.3257	0.2729	0.0438	0.624	0.5802	0.0723
0.0525	0.609	0.5565	0.0454	0.3156	0.2702	0.0386	0.24	0.2014	0.0853	0.7453	0.66	0.0531	0.6116	0.5585	0.0465	0.4044	0.3579	0.0349	0.3725	0.3376	0.0824	0.2126	0.1302	0.0478	0.4059	0.3581	0.0507	0.5248	0.4741	0.051
0.0491	0.5583	0.5092	0.0425	0.3236	0.2811	0.0322	0.2832	0.251	0.0866	1.1015	1.0149	0.0452	0.6282	0.583	0.047	0.4534	0.4064	0.043	0.5096	0.4666	0.066	0.2872	0.2212	0.0383	0.3872	0.3489	0.0415	0.804	0.7625	0.038
0.0444	0.5758	0.5314	0.0473	0.297	0.2497	0.0433	0.3006	0.2573	0.0795	1.4092	1.3297	0.0483	0.8063	0.758	0.0475	0.4212	0.3737	0.0433	0.3793	0.336	0.0834	0.188	0.1046	0.0383	0.3729	0.3346	0.0417	0.3237	0.282	0.0306
0.0407	0.9626	0.9219	0.0304	0.346	0.3156	0.0175	0.2186	0.2011	0.0776	0.5138	0.4362	0.0446	0.6632	0.6186	0.0502	0.4012	0.351	0.0515	0.4379	0.3864	0.0821	0.1951	0.113	0.0449	0.3217	0.2768	0.0399	0.5908	0.5509	0.0457
0.0441	0.7148	0.6707	0.047	0.3349	0.2879	0.0296	0.2925	0.2629	0.08	1.5065	1.4265	0.0499	0.6595	0.6096	0.0499	0.4176	0.3677	0.037	0.373	0.336	0.0689	0.2049	0.136	0.0423	0.3423	0.3	0.0399	0.3047	0.2648	0.0423
0.0436	0.4816	0.438	0.0407	0.2867	0.246	0.0325	0.1927	0.1602	0.0774	1.0894	1.012	0.047	0.783	0.736	0.0541	1.6802	1.6261	0.0454	0.8986	0.8532	0.0721	0.2041	0.132	0.0473	0.3526	0.3053	0.0433	1.6254	1.5821	0.0415
0.047	0.5145	0.4675	0.0449	0.3059	0.261	0.047	0.2819	0.2349	0.0789	0.6853	0.6064	0.0536	0.6374	0.5838	0.0417	0.3824	0.3407	0.0401	0.3384	0.2983	0.0853	0.2252	0.1399	0.051	0.3819	0.3309	0.0446	0.3931	0.3485	0.0452
0.0388	0.5974	0.5586	0.0449	0.3378	0.2929	0.0351	0.2006	0.1655	0.1077	0.9339	0.8262	0.0444	0.6176	0.5732	0.0433	0.4051	0.3618	0.0483	0.4722	0.4239	0.085	0.2101	0.1251	0.0518	0.4421	0.3903	0.046	0.7154	0.6694	0.057
0.0494	0.6204	0.571	0.0407	0.3054	0.2647	0.0351	0.2286	0.1935	0.0924	1.282	1.1896	0.0396	1.487	1.4474	0.051	0.4221	0.3711	0.0436	0.3429	0.2993	0.0676	0.2323	0.1647	0.0454	0.3301	0.2847	0.0412	0.3438	0.3026	0.0365
0.038	0.7135	0.6755	0.0423	0.3484	0.3061	0.0465	0.2846	0.2381	0.1053	1.0785	0.9732	0.0562	0.6996	0.6434	0.046	0.3883	0.3423	0.0386	0.3839	0.3453	0.0618	0.1938	0.132	0.0496	0.3425	0.2929	0.0351	0.4823	0.4472	0.0452
0.0328	0.5592	0.5264	0.0465	0.3138	0.2673	0.043	0.2262	0.1832	0.1003	0.5236	0.4233	0.0446	0.5638	0.5192	0.0454	0.4117	0.3663	0.0504	0.3972	0.3468	0.0911	0.2004	0.1093	0.0423	0.3215	0.2792	0.0386	0.6011	0.5625	0.0599
0.0365	0.4381	0.4016	0.0436	0.2985	0.2549	0.0412	0.2257	0.1845	0.0555	0.44	0.3845	0.046	0.5129	0.4669	0.042	0.4197	0.3777	0.0362	0.4158	0.3796	0.0665	0.2204	0.1539	0.0549	3.3122	3.2573	0.0394	0.8586	0.8192	0.0359
0.0433	0.495	0.4517	0.0428	0.2772	0.2344	0.0401	0.2887	0.2486	0.0903	1.0231	0.9328	0.0499	1.9288	1.8789	0.0489	0.4674	0.4185	0.0433	0.4461	0.4028	0.1037	0.2481	0.1444	0.0462	0.342	0.2958	0.0388	0.6446	0.6058	0.0515
0.0425	0.477	0.4345	0.0502	0.2906	0.2404	0.0465	0.2748	0.2283	0.1006	1.0537	0.9531	0.0475	1.1926	1.1451	0.0589	0.8506	0.7917	0.0499	0.3772	0.3273	0.0776	0.2159	0.1383	0.0454	0.3494	0.304	0.0378	0.3955	0.3577	0.0335
0.0386	0.476	0.4374	0.0449	0.3078	0.2629	0.0304	0.2816	0.2512	0.0673	1.1598	1.0925	0.0536	0.9591	0.9055	0.0813	0.8183	0.737	0.042	0.3458	0.3038	0.0903	0.2669	0.1766	0.0547	0.3801	0.3254	0.0489	0.6834	0.6345	0.057
0.0391	0.4992	0.4601	0.0502	0.317	0.2668	0.0309	0.2468	0.2159	0.0863	0.6507	0.5644	0.0555	0.9592	0.9037	0.0512	0.4806	0.4294	0.0425	0.4339	0.3914	0.095	0.2502	0.1552	0.0555	0.3318	0.2763	0.0494	0.6502	0.6008	0.0787
0.0444	0.5352	0.4908	0.0425	0.3072	0.2647	0.0367	0.2349	0.1982	0.0829	0.6159	0.533	0.0494	0.7686	0.7192	0.0525	0.4969	0.4444	0.0423	0.2791	0.2368	0.0813	0.2938	0.2125	0.051	0.4183	0.3673	0.0388	0.5543	0.5155	0.0824
0.0415	0.5536	0.5121	0.0409	0.2895	0.2486	0.0386	0.2819	0.2433	0.0905	2.0076	1.9171	0.0512	1.0522	1.001	0.047	0.4466	0.3996	0.046	0.3504	0.3044	0.094	0.2334	0.1394	0.0407	0.303	0.2623	0.0262	0.3863	0.3601	0.0198
0.0391	0.6299	0.5908	0.0444	0.3086	0.2642	0.0412	0.269	0.2278	0.0953	0.4806	0.3853	0.0504	0.6339	0.5835	0.0454	0.4033	0.3579	0.0401	0.4334	0.3933	0.0934	0.2819	0.1885	0.0655	0.432	0.3665	0.0454	0.995	0.9496	0.0541
0.0467	0.5227	0.476	0.0475	0.446	0.3985	0.0325	0.2392	0.2067	0.0874	0.3861	0.2987	0.0549	0.574	0.5191	0.0404	0.3912	0.3508	0.0399	0.3377	0.2978	0.0932	0.2263	0.1331	0.0465	0.303	0.2565	0.0425	0.5562	0.5137	0.0578
0.0536	0.4971	0.4435	0.043	0.3022	0.2592	0.0457	0.2666	0.2209	0.071	0.503	0.432	0.0531	0.5907	0.5376	0.0391	0.4152	0.3761	0.0428	0.8034	0.7606	0.1082	0.7878	0.6796	0.0644	1.0722	1.0078	0.066	0.9483	0.8823	0.0259
0.0966	0.7153	0.6187	0.0591	0.3568	0.2977	0.0536	0.3845	0.3309	0.0937	1.3339	1.2402	0.0615	1.5747	1.5132	0.0734	0.5099	0.4365	0.0613	0.3543	0.293	0.0995	0.2714	0.1719	0.0536	0.3684	0.3148	0.0591	0.8913	0.8322	0.0803
0.0525	0.6127	0.5602	0.0489	0.3162	0.2673	0.0496	0.3111	0.2615	0.0895	1.2909	1.2014	0.061	0.7107	0.6497	0.0586	0.4556	0.397	0.043	0.5326	0.4896	0.0718	0.2305	0.1587	0.0507	0.3402	0.2895	0.0539	0.5837	0.5298	0.0776
0.051	0.584	0.533	0.0523	0.3189	0.2666	0.0441	0.3027	0.2586	0.0808	1.4707	1.3899	0.0536	1.5032	1.4496	0.0536	0.4838	0.4302	0.0547	0.4873	0.4326	0.0808	0.2577	0.1769	0.0589	0.365	0.3061	0.0578	0.6031	0.5453	0.0752
0.0436	0.5275	0.4839	0.052	0.3267	0.2747	0.0404	0.2745	0.2341	0.0818	1.2719	1.1901	0.0531	0.8918	0.8387	0.0618	0.4975	0.4357	0.0523	0.5237	0.4714	0.0652	0.2389	0.1737	0.0557	0.3731	0.3174	0.0486	0.8391	0.7905	0.0869
0.051	0.5051	0.4541	0.0581	1.7686	1.7105	0.052	0.3098	0.2578	0.0974	1.1772	1.0798	0.0605	0.6084	0.5479	0.0573	0.4728	0.4155	0.0605	0.5369	0.4764	0.0993	0.2139	0.1146	0.0504	0.4016	0.3512	0.0523	0.7209	0.6686	0.0681
0.0504	0.5462	0.4958	0.0555	0.2999	0.2444	0.0496	0.3209	0.2713	0.0742	1.3469	1.2727	0.0544	0.6084	0.554	0.0591	0.4832	0.4241	0.0591	0.5128	0.4537	0.0884	0.2096	0.1212	0.0549	0.3452	0.2903	0.0528	0.5121	0.4593	0.0581
0.0536	0.4705	0.4169	0.0565	0.3035	0.247	0.0465	0.2853	0.2388	0.0734	0.5304	0.457	0.0544	1.1251	1.0707	0.0589	0.9707	0.9118	0.0515	0.3297	0.2782	0.0726	0.2331	0.1605	0.0507	0.4175	0.3668	0.0494	1.0085	0.9591	0.085
0.0486	0.5747	0.5261	0.057	0.2966	0.2396	0.0552	0.3035	0.2483	0.0304	1.1556	1.1252	0.0531	0.7342	0.6811	0.056	0.4458	0.3898	0.0618	0.496	0.4342	0.08	0.4355	0.3555	0.0594	0.5626	0.5032	0.052	0.7573	0.7053	0.0705
0.0544	0.4744	0.42	0.0547	0.3104	0.2557	0.0475	0.3022	0.2547	0.0739	1.0302	0.9563	0.0589	0.6395	0.5806	0.0549	0.617	0.5621	0.0565	0.5817	0.5252	0.0824	0.3018	0.2194	0.0496	0.4884	0.4388	0.0396	1.3832	1.3436	0.0655
0.0359	0.5995	0.5636	0.0547	0.3036	0.2489	0.0489	0.2701	0.2212	0.0631	1.1189	1.0558	0.0515	0.5432	0.4917	0.0481	0.5041	0.456	0.0446	0.4086	0.364	0.0681	0.3157	0.2476	0.0549	0.3114	0.2565	0.0454	0.9549	0.9095	0.0663
0.0744	0.5308	0.4564	0.0562	0.3154	0.2592	0.0478	0.2621	0.2143	0.0758	0.8838	0.808	0.0586	0.8253	0.7667	0.0525	0.4505	0.398	0.0502	0.5145	0.4643	0.0858	0.607	0.5212	0.0452	0.3355	0.2903	0.051	0.5296	0.4786	0.0594
0.0565	0.9402	0.8837	0.0512	0.3188	0.2676	0.0372	0.2373	0.2001	0.0681	0.4594	0.3913	0.0523	0.5876	0.5353	0.0462	0.4952	0.449	0.0436	0.4944	0.4508	0.0739	0.2122	0.1383	0.0552	0.3291	0.2739	0.0494	0.6494	0.6	0.0613
0.0536	0.4697	0.4161	0.0544	0.3151	0.2607	0.0275	0.2558	0.2283	0.071	1.0537	0.9827	0.0528	0.5266	0.4738	0.0502	0.5073	0.4571	0.0499	0.2775	0.2276	0.0702	0.2257	0.1555	0.0504	0.4995	0.4491	0.0539	0.5101	0.4562	0.0578
0.0531	0.4446	0.3915	0.0539	0.3059	0.252	0.0367	0.266	0.2293	0.0663	0.8944	0.8281	0.0607	0.9593	0.8986	0.0502	0.5545	0.5043	0.0386	0.2973	0.2587	0.081	0.2381	0.1571	0.0541	0.4291	0.375	0.0478	0.4784	0.4306	0.0525
0.043	0.4783	0.4353	0.0449	0.3194	0.2745	0.0314	0.2832	0.2518	0.0855	0.9333	0.8478	0.0547	1.1383	1.0836	0.0473	0.4976	0.4503	0.0478	0.3353	0.2875	0.0375	0.2212	0.1837	0.0539	0.3922	0.3383	0.0436	0.6103	0.5667	0.0536
0.061	0.9869	0.9259	0.0552	0.3429	0.2877	0.0417	0.4587	0.417	0.0752	1.783	1.7078	0.0515	0.5609	0.5094	0.0454	0.416	0.3706	0.0444	0.2245	0.1801	0.0876	0.2315	0.1439	0.047	0.3288	0.2818	0.0489	0.3911	0.3422	0.0541
0.0412	0.4243	0.3831	0.0565	0.2953	0.2388	0.0335	0.2581	0.2246	0.061	0.5056	0.4446	0.0512	0.6361	0.5849	0.0507	0.3909	0.3402	0.0515	0.2719	0.2204	0.09	0.207	0.117	0.0576	0.3336	0.276	0.0475	0.3815	0.334	0.0454
0.0533	0.4219	0.3686	0.0605	0.2788	0.2183	0.0401	0.2423	0.2022	0.0676	1.2975	1.2299	0.0781	0.9759	0.8978	0.0483	0.8244	0.7761	0.0449	0.2973	0.2524	0.0523	0.1835	0.1312	0.0504	0.3027	0.2523	0.0351	0.3139	0.2788	0.0536
0.0539	0.4341	0.3802	0.0576	0.4812	0.4236	0.0452	0.2405	0.1953	0.0776	0.9545	0.8769	0.0481	0.6977	0.6496	0.0528	0.4057	0.3529	0.0475	0.2648	0.2173	0.0998	0.2157	0.1159	0.0539	0.4576	0.4037	0.0481	0.4467	0.3986	0.0396
0.0536	0.4641	0.4105	0.0573	0.2874	0.2301	0.0409	0.2135	0.1726	0.0734	0.8405	0.7671	0.0536	0.5614	0.5078	0.0547	0.4231	0.3684	0.0465	0.3604	0.3139	0.0855	0.1901	0.1046	0.0557	0.3573	0.3016	0.047	0.3994	0.3524	0.0473
0.056	0.4423	0.3863	0.0486	0.2893	0.2407	0.0457	0.2381	0.1924	0.0766	0.5959	0.5193	0.0415	0.9673	0.9258	0.0605	0.9981	0.9376	0.0586	0.3057	0.2471	0.0747	0.2803	0.2056	0.062	0.3684	0.3064	0.0454	0.7396	0.6942	0.0589
0.0547	0.4921	0.4374	0.0544	0.327	0.2726	0.0438	0.2774	0.2336	0.0692	0.4376	0.3684	0.061	0.5917	0.5307	0.0515	0.4023	0.3508	0.0504	0.3168	0.2664	0.0842	0.2188	0.1346	0.0557	0.3671	0.3114	0.0491	0.9934	0.9443	0.0813
0.0499	0.4483	0.3984	0.0552	0.5421	0.4869	0.052	0.351	0.299	0.0536	0.3639	0.3103	0.0597	0.6105	0.5508	0.0541	0.3908	0.3367	0.0401	0.3318	0.2917	0.0876	0.1753	0.0877	0.0475	0.3225	0.275	0.0446	0.563	0.5184	0.0589
0.0525	0.4498	0.3973	0.0547	0.3075	0.2528	0.0399	0.293	0.2531	0.0776	0.8909	0.8133	0.0536	0.5614	0.5078	0.0512	0.4067	0.3555	0.0504	0.2735	0.2231	0.0898	0.2374	0.1476	0.0573	0.389	0.3317	0.0502	0.4264	0.3762	0.056
0.0446	0.5005	0.4559	0.047	0.3341	0.2871	0.0396	0.2552	0.2156	0.0475	0.3713	0.3238	0.0539	0.5419	0.488	0.0467	0.4043	0.3576	0.0116	0.1962	0.1846	0.0792	0.1822	0.103	0.0481	0.3582	0.3101	0.0449	0.424	0.3791	0.0549
0.0549	0.4177	0.3628	0.0573	0.3101	0.2528	0.0346	0.2135	0.1789	0.0945	0.4676	0.3731	0.0541	0.5799	0.5258	0.0515	0.415	0.3635	0.0399	0.2403	0.2004	0.0958	0.1993	0.1035	0.0539	0.3386	0.2847	0.0425	0.368	0.3255	0.0512
0.0565	0.4636	0.4071	0.0555	0.3136	0.2581	0.0399	0.2342	0.1943	0.0774	0.3189	0.2415	0.0499	0.6216	0.5717	0.0562	0.3901	0.3339	0.0473	0.1978	0.1505	0.0766	0.1688	0.0922	0.0486	0.2922	0.2436	0.0473	0.3343	0.287	0.046
0.0489	0.4536	0.4047	0.0499	0.3054	0.2555	0.0433	0.2961	0.2528	0.0779	0.632	0.5541	0.0578	0.5978	0.54	0.0578	0.3759	0.3181	0.0605	0.2308	0.1703	0.0898	0.2762	0.1864	0.0578	0.414	0.3562	0.051	0.4238	0.3728	0.0523
0.0536	0.7299	0.6763	0.0599	0.3352	0.2753	0.0433	0.2771	0.2338	0.0766	0.4352	0.3586	0.0597	0.5279	0.4682	0.0502	0.3796	0.3294	0.0499	0.2112	0.1613	0.0987	0.2067	0.108	0.0467	0.3016	0.2549	0.0539	0.3143	0.2604	0.0541
0.0449	0.4465	0.4016	0.0518	0.3184	0.2666	0.0375	0.2592	0.2217	0.0781	0.5658	0.4877	0.0607	0.9691	0.9084	0.0523	1.0759	1.0236	0.0481	0.2606	0.2125	0.0953	0.2302	0.1349	0.0555	0.298	0.2425	0.0351	0.3992	0.3641	0.0486
0.0489	0.5125	0.4636	0.0589	0.5732	0.5143	0.0428	0.4682	0.4254	0.0826	0.7259	0.6433	0.0523	0.9683	0.916	0.0454	0.5189	0.4735	0.0491	0.3358	0.2867	0.0876	0.1985	0.1109	0.047	0.28	0.233	0.042	0.9251	0.8831	0.0555
0.0573	0.4528	0.3955	0.0499	0.3125	0.2626	0.0394	0.2885	0.2491	0.0768	0.4315	0.3547	0.0549	0.9021	0.8472	0.0507	0.4202	0.3695	0.0489	0.2028	0.1539	0.0879	0.1745	0.0866	0.0547	0.2806	0.2259	0.0436	0.3071	0.2635	0.0407
0.0512	0.5934	0.5422	0.0491	0.3091	0.26	0.0407	0.2938	0.2531	0.0876	1.1769	1.0893	0.0578	0.7432	0.6854	0.0523	0.4165	0.3642	0.0446	0.1827	0.1381	0.0948	0.1788	0.084	0.0539	0.2682	0.2143	0.0523	0.9035	0.8512	0.0483
0.052	0.5201	0.4681	0.0562	0.2932	0.237	0.0473	0.3091	0.2618	0.0795	0.4962	0.4167	0.0618	0.626	0.5642	0.0586	0.4133	0.3547	0.052	0.2038	0.1518	0.1069	0.2136	0.1067	0.0536	0.2848	0.2312	0.0481	0.3335	0.2854	0.0375
0.0547	0.4776	0.4229	0.0541	0.303	0.2489	0.0415	0.2294	0.1879	0.0961	0.4782	0.3821	0.0547	0.6673	0.6126	0.0496	0.3671	0.3175	0.0412	0.2168	0.1756	0.1061	0.1922	0.0861	0.0475	0.2713	0.2238	0.0349	0.3303	0.2954	0.0436
0.0523	0.4824	0.4301	0.051	0.3036	0.2526	0.0409	0.256	0.2151	0.0723	0.6586	0.5863	0.0473	0.9919	0.9446	0.0539	0.5796	0.5257	0.0557	0.331	0.2753	0.0781	0.3157	0.2376	0.051	0.3452	0.2942	0.0291	0.3438	0.3147	0.0457
0.0528	0.6235	0.5707	0.052	0.3278	0.2758	0.0412	0.2621	0.2209	0.0734	0.3339	0.2605	0.0547	0.5784	0.5237	0.0486	0.4334	0.3848	0.0496	0.2186	0.169	0.0869	0.1656	0.0787	0.0549	0.2784	0.2235	0.0475	0.6224	0.5749	0.0737
0.0594	0.6082	0.5488	0.052	0.3191	0.2671	0.0483	0.2959	0.2476	0.095	0.5861	0.4911	0.0565	0.5371	0.4806	0.057	0.3835	0.3265	0.0562	0.2033	0.1471	0.1085	0.1893	0.0808	0.0552	0.3336	0.2784	0.0544	0.3707	0.3163	0.0465
0.051	0.4185	0.3675	0.056	0.3028	0.2468	0.0372	0.3357	0.2985	0.0948	1.2569	1.1621	0.056	0.5467	0.4907	0.0525	0.4165	0.364	0.0523	0.2036	0.1513	0.0768	0.1608	0.084	0.0528	0.2687	0.2159	0.0452	0.3443	0.2991	0.0547
0.0552	0.4291	0.3739	0.056	0.3083	0.2523	0.0407	0.2679	0.2272	0.0805	0.9954	0.9149	0.052	0.6139	0.5619	0.0518	0.391	0.3392	0.0423	0.1976	0.1553	0.0758	0.1788	0.103	0.0475	0.2979	0.2504	0.0444	0.3525	0.3081	0.0428
0.0573	0.4604	0.4031	0.0533	0.3027	0.2494	0.0436	0.3619	0.3183	0.0826	0.842	0.7594	0.061	0.554	0.493	0.0562	0.3792	0.323	0.0491	0.2252	0.1761	0.0953	0.1735	0.0782	0.0541	0.3494	0.2953	0.0438	0.5131	0.4693	0.0528
0.0626	0.5183	0.4557	0.0555	0.307	0.2515	0.0483	0.3452	0.2969	0.0821	0.542	0.4599	0.057	0.5176	0.4606	0.0491	0.3637	0.3146	0.0515	0.1957	0.1442	0.0892	0.165	0.0758	0.0499	0.2739	0.224	0.0446	0.3026	0.258	0.0441
0.0425	0.4406	0.3981	0.0481	0.4804	0.4323	0.043	0.3549	0.3119	0.0869	0.5767	0.4898	0.0562	0.6052	0.549	0.0507	0.3938	0.3431	0.0478	0.1907	0.1429	0.1114	0.1698	0.0584	0.0475	0.2568	0.2093	0.0475	0.3366	0.2891	0.0562
0.0589	0.4161	0.3572	0.0531	0.3043	0.2512	0.0444	0.2526	0.2082	0.0855	0.2847	0.1992	0.0539	0.6578	0.6039	0.0555	0.3909	0.3354	0.027	0.1897	0.1627	0.1037	0.1294	0.0257	0.0491	0.2647	0.2156	0.037	0.3525	0.3155	0.052
0.0584	0.4291	0.3707	0.0597	0.3136	0.2539	0.0481	0.2745	0.2264	0.0908	0.5325	0.4417	0.0644	0.5353	0.4709	0.0523	0.3627	0.3104	0.0565	0.2223	0.1658	0.1074	0.1708	0.0634	0.057	0.3225	0.2655	0.0449	0.3087	0.2638	0.0481
0.0549	0.6364	0.5815	0.056	0.3788	0.3228	0.0515	0.3247	0.2732	0.0816	0.3518	0.2702	0.0584	0.6195	0.5611	0.0547	0.3588	0.3041	0.0523	0.2033	0.151	0.0998	0.2297	0.1299	0.0494	1.4567	1.4073	0.0531	0.6715	0.6184	0.0436
0.0533	0.7406	0.6873	0.0441	0.3363	0.2922	0.0409	0.2766	0.2357	0.0752	1.1671	1.0919	0.0446	0.6031	0.5585	0.0565	0.4123	0.3558	0.0475	0.1882	0.1407	0.104	0.1481	0.0441	0.0507	0.271	0.2203	0.0465	0.424	0.3775	0.0544
0.0555	0.5038	0.4483	0.052	0.5009	0.4489	0.052	0.3634	0.3114	0.0771	0.8772	0.8001	0.0581	0.6575	0.5994	0.0491	0.4076	0.3585	0.0481	0.1928	0.1447	0.1032	0.1671	0.0639	0.0491	0.295	0.2459	0.0359	0.33	0.2941	0.0388
0.0483	0.4467	0.3984	0.0544	0.3508	0.2964	0.0475	0.4352	0.3877	0.0797	0.2853	0.2056	0.0628	1.1638	1.101	0.0647	0.9649	0.9002	0.0547	0.3007	0.246	0.0876	0.2782	0.1906	0.052	0.2913	0.2393	0.0454	0.3269	0.2815	0.0404
0.0541	0.4747	0.4206	0.0539	0.3482	0.2943	0.0407	0.2751	0.2344	0.0956	0.2843	0.1887	0.0578	0.5999	0.5421	0.0457	0.3859	0.3402	0.0372	0.2378	0.2006	0.1109	0.1843	0.0734	0.0438	0.2839	0.2401	0.0473	0.4327	0.3854	0.0415
0.0985	0.7708	0.6723	0.0605	0.5205	0.46	0.0573	0.5131	0.4558	0.1278	1.3725	1.2447	0.0578	0.7704	0.7126	0.07	0.5781	0.5081	0.0568	0.4918	0.435	0.1045	0.2191	0.1146	0.0502	0.3191	0.2689	0.0465	0.8106	0.7641	0.062
0.0589	0.6383	0.5794	0.0555	0.3231	0.2676	0.0409	0.3272	0.2863	0.123	1.4796	1.3566	0.0589	0.6731	0.6142	0.0578	0.7284	0.6706	0.0544	0.5268	0.4724	0.0787	0.1999	0.1212	0.0504	0.324	0.2736	0.0473	1.3711	1.3238	0.1008
0.0481	0.4956	0.4475	0.0491	0.4194	0.3703	0.0512	0.271	0.2198	0.0813	2.2834	2.2021	0.0533	1.5812	1.5279	0.0486	0.4009	0.3523	0.0444	0.3868	0.3424	0.0829	0.3015	0.2186	0.0536	0.3594	0.3058	0.0436	0.7275	0.6839	0.0607
0.0671	0.6721	0.605	0.0502	0.3173	0.2671	0.0462	0.2853	0.2391	0.0898	1.2021	1.1123	0.07	0.6258	0.5558	0.061	0.4456	0.3846	0.0428	0.4018	0.359	0.0705	0.1951	0.1246	0.0473	0.3302	0.2829	0.0333	0.7795	0.7462	0.0623
0.0565	0.5494	0.4929	0.0541	0.3423	0.2882	0.0309	0.2357	0.2048	0.0871	1.1373	1.0502	0.0594	0.577	0.5176	0.0518	0.4264	0.3746	0.0446	0.3825	0.3379	0.0958	0.2104	0.1146	0.0525	0.3396	0.2871	0.0937	0.5406	0.4469	0.0718
0.0539	0.5961	0.5422	0.0481	0.322	0.2739	0.0306	0.2766	0.246	0.1003	1.0014	0.9011	0.0581	0.592	0.5339	0.0602	0.4815	0.4213	0.0586	0.558	0.4994	0.0591	0.2273	0.1682	0.056	0.3647	0.3087	0.0486	0.6359	0.5873	0.0737
0.0591	0.4783	0.4192	0.0504	0.6278	0.5774	0.0462	0.2961	0.2499	0.0866	0.754	0.6674	0.0544	0.577	0.5226	0.0565	0.3766	0.3201	0.0473	0.4073	0.36	0.0774	0.2055	0.1281	0.0547	0.3421	0.2874	0.0317	0.5462	0.5145	0.0586
0.0784	0.9761	0.8977	0.0425	0.356	0.3135	0.0454	0.3006	0.2552	0.1008	0.6357	0.5349	0.0694	0.54	0.4706	0.052	0.4281	0.3761	0.0444	0.2852	0.2408	0.0776	0.2685	0.1909	0.0539	0.3175	0.2636	0.0335	0.5031	0.4696	0.0578
0.0565	0.5034	0.4469	0.0647	0.3978	0.3331	0.0388	0.3199	0.2811	0.0979	0.5135	0.4156	0.0692	1.0847	1.0155	0.051	0.4118	0.3608	0.0478	0.4516	0.4038	0.0861	0.1872	0.1011	0.0568	0.4985	0.4417	0.0525	0.6955	0.643	0.0681
0.052	0.5185	0.4665	0.0502	0.3468	0.2966	0.0404	0.332	0.2916	0.0721	1.2078	1.1357	0.0541	0.9722	0.9181	0.0555	0.4548	0.3993	0.0504	0.4608	0.4104	0.0742	0.2371	0.1629	0.0639	0.3771	0.3132	0.0618	0.6916	0.6298	0.061
0.0504	0.5459	0.4955	0.0541	0.3344	0.2803	0.0486	0.2851	0.2365	0.0763	0.489	0.4127	0.0684	1.0335	0.9651	0.0473	0.3922	0.3449	0.046	0.225	0.179	0.0948	0.2516	0.1568	0.0568	0.3487	0.2919	0.047	0.8217	0.7747	0.0657
0.0623	0.4691	0.4068	0.0549	0.9669	0.912	0.0613	0.322	0.2607	0.0829	3.8287	3.7458	0.0531	1.7473	1.6942	0.0491	0.4774	0.4283	0.051	0.4356	0.3846	0.0839	0.2972	0.2133	0.0533	0.423	0.3697	0.0394	1.7896	1.7502	0.0824
0.0491	0.4602	0.4111	0.0605	0.3228	0.2623	0.0467	0.2734	0.2267	0.0763	0.4468	0.3705	0.0597	0.5646	0.5049	0.0631	0.3907	0.3276	0.0528	0.2653	0.2125	0.0845	0.2276	0.1431	0.0557	0.3185	0.2628	0.0531	0.4282	0.3751	0.0531
0.052	0.4995	0.4475	0.052	0.3267	0.2747	0.0515	0.2508	0.1993	0.0686	0.3634	0.2948	0.0525	0.6263	0.5738	0.0502	0.4366	0.3864	0.0499	0.4395	0.3896	0.0826	0.2117	0.1291	0.0504	0.3322	0.2818	0.052	0.6068	0.5548	0.071
0.0591	0.4773	0.4182	0.0552	0.4972	0.442	0.0483	0.2932	0.2449	0.0613	0.8482	0.7869	0.0494	0.5454	0.496	0.0489	0.3855	0.3366	0.0515	0.3337	0.2822	0.076	0.1969	0.1209	0.0544	0.3117	0.2573	0.0441	0.4981	0.454	0.0652
0.0589	0.4934	0.4345	0.047	0.3281	0.2811	0.0357	0.2957	0.26	0.0774	1.2865	1.2091	0.0525	0.745	0.6925	0.0502	0.4384	0.3882	0.0528	0.4627	0.4099	0.0721	0.207	0.1349	0.0496	0.3169	0.2673	0.0562	0.5295	0.4733	0.0547
0.0565	0.5306	0.4741	0.0536	0.3143	0.2607	0.0409	0.2834	0.2425	0.0634	1.1854	1.122	0.0589	1.6104	1.5515	0.056	0.4435	0.3875	0.0438	0.4117	0.3679	0.0837	0.2197	0.136	0.0523	0.298	0.2457	0.0496	0.4696	0.42	0.0531
0.0618	0.5388	0.477	0.0533	0.3323	0.279	0.0467	0.3315	0.2848	0.0958	0.4008	0.305	0.0568	0.5881	0.5313	0.0518	0.5965	0.5447	0.056	0.5277	0.4717	0.0774	0.3092	0.2318	0.0578	0.4837	0.4259	0.0562	1.2148	1.1586	0.0742
0.0518	0.5373	0.4855	0.0557	0.3497	0.294	0.0518	0.2592	0.2074	0.0797	0.4225	0.3428	0.061	0.573	0.512	0.0536	0.4012	0.3476	0.0489	0.396	0.3471	0.056	0.1764	0.1204	0.056	0.3389	0.2829	0.0467	0.5121	0.4654	0.0639
0.0502	0.5275	0.4773	0.0518	0.4907	0.4389	0.0489	0.2199	0.171	0.0979	0.357	0.2591	0.0547	0.5815	0.5268	0.0502	0.4234	0.3732	0.0525	0.3584	0.3059	0.1003	0.1877	0.0874	0.0549	0.3338	0.2789	0.047	0.7847	0.7377	0.0486
0.0565	0.4396	0.3831	0.056	0.34	0.284	0.0365	0.2769	0.2404	0.1143	0.7495	0.6352	0.0539	1.0135	0.9596	0.0512	0.4294	0.3782	0.047	0.3463	0.2993	0.057	0.2001	0.1431	0.0531	0.2903	0.2372	0.0491	0.514	0.4649	0.0594
0.0547	0.4708	0.4161	0.0512	0.3175	0.2663	0.0496	0.2275	0.1779	0.1059	0.3888	0.2829	0.057	0.5677	0.5107	0.0494	0.43	0.3806	0.0518	0.4274	0.3756	0.0718	0.1706	0.0988	0.0576	0.3141	0.2565	0.0557	1.0829	1.0272	0.0552
0.0507	0.9381	0.8874	0.0549	0.3843	0.3294	0.0486	0.3181	0.2695	0.0708	0.5801	0.5093	0.0671	0.6087	0.5416	0.0496	0.4366	0.387	0.0504	0.4133	0.3629	0.1024	0.2394	0.137	0.0541	0.308	0.2539	0.0425	0.6111	0.5686	0.0438
0.056	0.4713	0.4153	0.0539	0.3146	0.2607	0.0446	0.2795	0.2349	0.0776	1.122	1.0444	0.0541	0.6203	0.5662	0.0502	0.4105	0.3603	0.0541	0.3497	0.2956	0.1003	0.2389	0.1386	0.0523	0.293	0.2407	0.0512	0.7303	0.6791	0.0581
0.0597	0.5059	0.4462	0.0547	0.3181	0.2634	0.0491	0.3299	0.2808	0.1019	1.0236	0.9217	0.052	1.4161	1.3641	0.0549	0.4289	0.374	0.0491	0.4316	0.3825	0.0924	0.193	0.1006	0.056	0.3128	0.2568	0.0515	0.9343	0.8828	0.0644
0.0555	0.4647	0.4092	0.0525	0.2921	0.2396	0.0491	0.2879	0.2388	0.0816	1.1295	1.0479	0.0565	0.5936	0.5371	0.061	0.4506	0.3896	0.0415	0.4477	0.4062	0.0905	0.2307	0.1402	0.0528	0.3048	0.252	0.0452	0.7681	0.7229	0.0665
0.0663	0.4668	0.4005	0.0525	0.3103	0.2578	0.0467	0.2937	0.247	0.0913	0.3309	0.2396	0.0539	0.5821	0.5282	0.0425	0.4001	0.3576	0.0428	0.2416	0.1988	0.0855	0.2043	0.1188	0.0494	0.3056	0.2562	0.0465	0.4182	0.3717	0.0689
0.062	0.4467	0.3847	0.0562	0.3655	0.3093	0.0116	0.2402	0.2286	0.0993	0.4067	0.3074	0.0539	0.6063	0.5524	0.0518	0.4128	0.361	0.042	0.2577	0.2157	0.0866	0.2231	0.1365	0.0536	0.2895	0.2359	0.0502	0.6779	0.6277	0.0715
0.0446	0.571	0.5264	0.0528	0.5508	0.498	0.0441	0.2494	0.2053	0.0671	0.3101	0.243	0.057	0.6709	0.6139	0.0584	0.4078	0.3494	0.0557	0.3474	0.2917	0.1022	0.2226	0.1204	0.0507	0.3077	0.257	0.0475	0.4733	0.4258	0.057
0.057	0.481	0.424	0.0562	0.5381	0.4819	0.0475	0.2958	0.2483	0.0953	0.4982	0.4029	0.0502	0.6305	0.5803	0.0552	0.4009	0.3457	0.051	0.3617	0.3107	0.0795	0.2015	0.122	0.0555	0.3041	0.2486	0.0467	0.714	0.6673	0.0562
0.0615	0.9212	0.8597	0.0462	0.4273	0.3811	0.0502	0.2822	0.232	0.0734	0.4832	0.4098	0.0478	0.5856	0.5378	0.0491	0.3917	0.3426	0.0465	0.2965	0.25	0.1029	0.2275	0.1246	0.0586	0.3536	0.295	0.0412	0.4187	0.3775	0.0597
0.0557	0.4789	0.4232	0.0444	0.3065	0.2621	0.051	0.3036	0.2526	0.1016	1.3059	1.2043	0.0536	0.5871	0.5335	0.0576	0.4126	0.355	0.0628	0.3901	0.3273	0.0834	0.202	0.1186	0.0581	0.3109	0.2528	0.0518	0.7262	0.6744	0.056
0.0589	0.5235	0.4646	0.0539	0.3294	0.2755	0.0584	0.2519	0.1935	0.1053	0.285	0.1797	0.0573	0.7662	0.7089	0.0512	0.4156	0.3644	0.0486	0.3944	0.3458	0.095	0.2088	0.1138	0.0539	0.3196	0.2657	0.0541	0.9924	0.9383	0.061
0.0663	0.4723	0.406	0.0533	0.3167	0.2634	0.0512	0.3088	0.2576	0.1022	0.5028	0.4006	0.0602	0.61	0.5498	0.0481	0.4292	0.3811	0.0486	0.3126	0.264	0.0792	0.2226	0.1434	0.0573	0.3246	0.2673	0.0523	0.4504	0.3981	0.0697
0.0523	0.4359	0.3836	0.0499	0.5339	0.484	0.0478	0.3347	0.2869	0.0784	0.3589	0.2805	0.0441	0.6173	0.5732	0.0491	0.3722	0.3231	0.0539	0.2614	0.2075	0.0652	0.1257	0.0605	0.0465	0.3273	0.2808	0.0565	0.5757	0.5192	0.0676
0.0576	0.5156	0.458	0.057	1.9464	1.8894	0.0536	0.3888	0.3352	0.0797	0.8048	0.7251	0.0489	0.553	0.5041	0.042	0.3785	0.3365	0.0441	0.2234	0.1793	0.1056	0.1669	0.0613	0.0502	0.3112	0.261	0.0478	0.9412	0.8934	0.0599
0.0533	0.491	0.4377	0.0531	0.3334	0.2803	0.0415	0.255	0.2135	0.1072	0.882	0.7748	0.0602	0.5986	0.5384	0.0504	0.4209	0.3705	0.0462	0.3099	0.2637	0.0895	0.2067	0.1172	0.057	0.3114	0.2544	0.0525	0.6891	0.6366	0.0647
0.0536	0.5454	0.4918	0.0531	0.3075	0.2544	0.0494	0.3344	0.285	0.0726	1.0487	0.9761	0.0602	0.5377	0.4775	0.0544	0.4178	0.3634	0.0597	0.291	0.2313	0.0787	0.1658	0.0871	0.057	0.2966	0.2396	0.0541	0.4176	0.3635	0.056
0.0568	0.4716	0.4148	0.0573	0.3278	0.2705	0.047	0.3421	0.2951	0.0734	0.8724	0.799	0.0586	0.9823	0.9237	0.0533	0.5341	0.4808	0.0507	0.3123	0.2616	0.118	0.207	0.089	0.0528	0.3106	0.2578	0.0568	0.333	0.2762	0.0668
0.0465	0.4491	0.4026	0.0539	0.3205	0.2666	0.0539	0.2888	0.2349	0.0668	0.3243	0.2575	0.0589	0.6756	0.6167	0.0626	0.3622	0.2996	0.0465	0.3039	0.2574	0.1069	0.1832	0.0763	0.0539	0.3399	0.286	0.0565	0.3781	0.3216	0.0639
0.0599	0.4707	0.4108	0.0573	0.3188	0.2615	0.0407	0.2708	0.2301	0.0911	0.2661	0.175	0.0557	0.6039	0.5482	0.0536	0.4434	0.3898	0.046	0.2654	0.2194	0.1204	0.2279	0.1075	0.0631	0.3312	0.2681	0.0512	0.9082	0.857	0.0605
0.0602	0.8032	0.743	0.0557	0.4473	0.3916	0.0552	0.3083	0.2531	0.0971	0.3114	0.2143	0.0523	0.5822	0.5299	0.0528	0.3988	0.346	0.0557	0.2495	0.1938	0.095	0.1869	0.0919	0.0552	0.303	0.2478	0.0465	0.5573	0.5108	0.0686
0.0623	0.4509	0.3886	0.0496	0.3074	0.2578	0.0528	0.2885	0.2357	0.0818	0.3581	0.2763	0.0591	0.6207	0.5616	0.0562	0.4025	0.3463	0.0499	0.3374	0.2875	0.1077	0.2175	0.1098	0.052	0.3154	0.2634	0.0478	0.4269	0.3791	0.0586
0.052	0.4749	0.4229	0.0568	0.3149	0.2581	0.0523	0.2466	0.1943	0.0871	0.4634	0.3763	0.0623	1.0955	1.0332	0.0589	0.3952	0.3363	0.0544	0.3912	0.3368	0.1093	0.1896	0.0803	0.0589	0.2835	0.2246	0.0475	0.7414	0.6939	0.0657
0.0613	0.5207	0.4594	0.0528	0.3141	0.2613	0.0568	0.3798	0.323	0.1074	0.4138	0.3064	0.0565	0.5883	0.5318	0.0494	0.3801	0.3307	0.0499	0.2318	0.1819	0.1251	0.2075	0.0824	0.0536	0.2908	0.2372	0.0533	0.4519	0.3986	0.0589
0.0557	0.5742	0.5185	0.0507	0.3117	0.261	0.0499	0.2814	0.2315	0.0985	0.2969	0.1984	0.0568	0.5817	0.5249	0.0438	0.3777	0.3339	0.066	0.2656	0.1996	0.1024	0.1885	0.0861	0.0599	0.2969	0.237	0.0523	0.9753	0.923	0.0536
0.0536	0.4932	0.4396	0.0562	0.3594	0.3032	0.0544	0.4091	0.3547	0.0805	0.7513	0.6708	0.0576	0.5649	0.5073	0.0536	0.4001	0.3465	0.0581	0.3706	0.3125	0.0969	0.2384	0.1415	0.0631	0.3193	0.2562	0.0483	0.8997	0.8514	0.0515
0.0578	0.4602	0.4024	0.0533	0.3259	0.2726	0.0486	0.298	0.2494	0.095	0.3016	0.2066	0.0533	0.636	0.5827	0.056	0.4071	0.3511	0.057	0.563	0.506	0.08	0.2173	0.1373	0.0594	0.3267	0.2673	0.0539	0.8106	0.7567	0.0626
0.0544	0.4275	0.3731	0.0502	0.3822	0.332	0.0473	0.2898	0.2425	0.0892	0.308	0.2188	0.0573	0.62	0.5627	0.0475	0.4165	0.369	0.0446	0.3294	0.2848	0.1022	0.2031	0.1009	0.0473	0.3661	0.3188	0.0523	0.824	0.7717	0.0378
0.0515	0.4794	0.4279	0.0412	0.3289	0.2877	0.0549	0.2998	0.2449	0.0731	0.2636	0.1905	0.0547	0.5876	0.5329	0.056	0.4281	0.3721	0.0547	0.4182	0.3635	0.1008	0.2183	0.1175	0.061	0.3085	0.2475	0.0562	0.5841	0.5279	0.0818
0.0795	0.6444	0.5649	0.0581	0.4244	0.3663	0.057	0.3162	0.2592	0.08	0.494	0.414	0.0591	2.1322	2.0731	0.0731	0.4964	0.4233	0.0671	0.5533	0.4862	0.0871	0.2159	0.1288	0.0602	0.5059	0.4457	0.0591	1.0042	0.9451	0.0824
0.0578	0.485	0.4272	0.0502	0.3695	0.3193	0.0491	0.3471	0.298	0.0689	0.3829	0.314	0.0721	0.7775	0.7054	0.0676	0.91	0.8424	0.0626	0.7897	0.7271	0.0602	0.4213	0.3611	0.0626	0.5484	0.4858	0.0573	0.4113	0.354	0.0533
0.0549	0.4765	0.4216	0.0523	0.4909	0.4386	0.0438	0.3001	0.2563	0.0702	0.8669	0.7967	0.0615	0.9691	0.9076	0.0626	0.435	0.3724	0.047	0.2622	0.2152	0.0837	0.2125	0.1288	0.0565	0.3288	0.2723	0.0557	0.5306	0.4749	0.0605
0.0515	0.4676	0.4161	0.0512	0.3779	0.3267	0.042	0.2663	0.2243	0.0866	0.4954	0.4088	0.065	0.5554	0.4904	0.0507	0.4002	0.3495	0.046	0.2952	0.2492	0.0816	0.3041	0.2225	0.0626	0.498	0.4354	0.0486	0.8066	0.758	0.0496
0.0531	1.8712	1.8181	0.0576	0.4168	0.3592	0.0383	0.2843	0.246	0.0932	0.7392	0.646	0.0581	0.9773	0.9192	0.061	0.4746	0.4136	0.043	0.4513	0.4083	0.0853	0.1664	0.0811	0.0536	0.3262	0.2726	0.0404	0.3955	0.3551	0.0584
0.0449	0.5417	0.4968	0.0502	2.2892	2.239	0.051	0.568	0.517	0.1164	1.1653	1.0489	0.0618	1.0683	1.0065	0.0813	0.9126	0.8313	0.0618	0.3326	0.2708	0.0908	0.2215	0.1307	0.0565	0.351	0.2945	0.0528	0.3506	0.2978	0.047
0.0499	0.4588	0.4089	0.0475	0.375	0.3275	0.0391	0.3043	0.2652	0.1154	0.6133	0.4979	0.07	0.8227	0.7527	0.0562	0.4051	0.3489	0.043	0.2751	0.2321	0.0987	0.1969	0.0982	0.0531	0.3447	0.2916	0.0473	0.3483	0.301	0.0448
0.0467	0.4488	0.4021	0.0525	0.3439	0.2914	0.0409	0.2135	0.1726	0.1066	0.3813	0.2747	0.0634	1.1391	1.0757	0.0584	0.4553	0.3969	0.0494	0.4089	0.3595	0.0758	0.1608	0.085	0.0531	0.3513	0.2982	0.0507	0.4528	0.4021	0.0544
0.0547	0.4402	0.3855	0.0523	0.3962	0.3439	0.0301	0.2848	0.2547	0.104	0.3732	0.2692	0.0623	0.6266	0.5643	0.0544	0.464	0.4096	0.0415	2.8567	2.8152	0.1285	0.5526	0.4241	0.052	0.4296	0.3776	0.0555	0.7829	0.7274	0.0591
0.0552	0.5132	0.458	0.0552	0.3539	0.2987	0.0452	0.3007	0.2555	0.0855	0.4056	0.3201	0.0613	2.7248	2.6635	0.0768	0.7038	0.627	0.0594	0.4685	0.4091	0.1122	0.2344	0.1222	0.0665	0.3905	0.324	0.0525	0.4435	0.391	0.0689
0.0591	0.7277	0.6686	0.0452	0.5582	0.513	0.0481	0.2619	0.2138	0.0905	0.3219	0.2314	0.0586	0.6405	0.5819	0.0715	0.4956	0.4241	0.0726	0.5311	0.4585	0.1204	0.2046	0.0842	0.0673	0.3747	0.3074	0.0607	0.4628	0.4021	0.062
0.0597	0.5908	0.5311	0.0555	1.5406	1.4851	0.0758	0.9514	0.8756	0.0998	0.8685	0.7687	0.065	0.6607	0.5957	0.0723	0.618	0.5457	0.0605	0.4815	0.421	0.1225	0.4318	0.3093	0.0618	0.3824	0.3206	0.0565	0.4987	0.4422	0.0826
0.065	0.5816	0.5166	0.0607	0.3594	0.2987	0.0573	0.2608	0.2035	0.113	0.4217	0.3087	0.0702	0.5957	0.5255	0.0642	0.4163	0.3521	0.0491	0.3801	0.331	0.0766	0.1896	0.113	0.0589	0.3637	0.3048	0.0565	0.3976	0.3411	0.0626
0.0552	0.5412	0.486	0.0636	0.3755	0.3119	0.0549	0.3027	0.2478	0.0953	0.3331	0.2378	0.0576	0.5902	0.5326	0.062	0.4265	0.3645	0.0642	0.4245	0.3603	0.1177	0.2238	0.1061	0.0684	0.4035	0.3351	0.0615	0.7288	0.6673	0.0652
0.062	0.458	0.396	0.0605	0.3389	0.2784	0.0489	0.2957	0.2468	0.1088	0.3925	0.2837	0.066	0.9084	0.8424	0.0702	0.5787	0.5085	0.0581	0.4437	0.3856	0.1119	0.1816	0.0697	0.0536	0.3312	0.2776	0.052	0.7733	0.7213	0.0512
0.0607	0.4839	0.4232	0.0552	0.3233	0.2681	0.0528	0.2629	0.2101	0.1056	0.4787	0.3731	0.0694	1.0688	0.9994	0.061	0.4128	0.3518	0.0552	0.3691	0.3139	0.085	0.1914	0.1064	0.0573	0.3154	0.2581	0.0446	0.8055	0.7609	0.0557
0.0602	0.5024	0.4422	0.0591	0.3502	0.2911	0.0573	0.3384	0.2811	0.1024	0.4027	0.3003	0.0731	0.7012	0.6281	0.0557	0.3898	0.3341	0.0557	0.269	0.2133	0.1069	0.2487	0.1418	0.0642	0.3363	0.2721	0.0557	0.4744	0.4187	0.0713
0.0618	0.5111	0.4493	0.0628	0.3716	0.3088	0.0557	0.256	0.2003	0.1045	0.3998	0.2953	0.0684	0.5731	0.5047	0.057	0.417	0.36	0.0536	0.3994	0.3458	0.1196	0.1717	0.0521	0.0576	0.3204	0.2628	0.0533	1.0077	0.9544	0.062
0.0607	0.8029	0.7422	0.052	0.3658	0.3138	0.065	0.306	0.241	0.0985	0.3845	0.286	0.0613	0.5911	0.5298	0.061	0.4395	0.3785	0.0671	0.4361	0.369	0.1095	0.1948	0.0853	0.07	0.3104	0.2404	0.0607	0.6485	0.5878	0.07
0.0642	0.5262	0.462	0.0573	0.3365	0.2792	0.0565	0.3077	0.2512	0.0869	0.345	0.2581	0.062	0.6584	0.5964	0.0739	0.4629	0.389	0.0591	0.4595	0.4004	0.1048	0.2096	0.1048	0.0673	0.3409	0.2736	0.0578	0.728	0.6702	0.061
0.062	0.4562	0.3942	0.0642	0.5112	0.447	0.0562	0.232	0.1758	0.1053	0.4238	0.3185	0.0631	0.5055	0.4424	0.0623	0.4046	0.3423	0.0607	0.3669	0.3062	0.1061	0.2027	0.0966	0.0602	0.3418	0.2816	0.0565	0.4213	0.3648	0.0576
0.062	0.4797	0.4177	0.0552	1.4456	1.3904	0.0552	0.6648	0.6096	0.0929	0.5798	0.4869	0.0665	0.5854	0.5189	0.0573	0.4257	0.3684	0.0528	0.454	0.4012	0.1259	0.2181	0.0922	0.065	0.3764	0.3114	0.0568	0.4591	0.4023	0.0594
0.0631	0.518	0.4549	0.0541	0.3961	0.342	0.066	0.3204	0.2544	0.094	0.741	0.647	0.0615	0.5772	0.5157	0.0504	0.3772	0.3268	0.0541	0.3363	0.2822	0.0964	0.1878	0.0914	0.057	0.3135	0.2565	0.0475	0.3501	0.3026	0.0502
0.0594	0.4409	0.3815	0.0578	0.3468	0.289	0.047	0.2576	0.2106	0.0969	0.3595	0.2626	0.0628	0.5606	0.4978	0.0539	0.4335	0.3796	0.0549	0.4294	0.3745	0.1322	0.1969	0.0647	0.0528	0.3101	0.2573	0.0473	0.738	0.6907	0.0504
0.0565	0.5684	0.5119	0.0518	0.3764	0.3246	0.0544	0.2428	0.1884	0.1051	0.255	0.1499	0.0586	0.9585	0.8999	0.0515	0.406	0.3545	0.0481	0.3171	0.269	0.1064	0.178	0.0716	0.0581	0.3716	0.3135	0.0626	0.3707	0.3081	0.0256
0.0591	0.5187	0.4596	0.0576	0.3545	0.2969	0.0486	0.3202	0.2716	0.095	0.3256	0.2306	0.0615	0.611	0.5495	0.0504	0.3967	0.3463	0.0573	0.3073	0.25	0.0974	0.1959	0.0985	0.0562	0.4146	0.3584	0.0557	0.5082	0.4525	0.0576
0.0578	0.4414	0.3836	0.0584	0.3566	0.2982	0.0496	0.2647	0.2151	0.104	0.3634	0.2594	0.0599	0.6099	0.55	0.0515	0.6445	0.593	0.0557	0.3732	0.3175	0.0752	0.1843	0.1091	0.0528	0.3439	0.2911	0.0502	0.4045	0.3543	0.057
0.0589	0.4882	0.4293	0.0525	0.3388	0.2863	0.0515	0.2706	0.2191	0.0837	0.2885	0.2048	0.0576	0.5322	0.4746	0.0475	0.389	0.3415	0.0565	0.3722	0.3157	0.0945	0.1613	0.0668	0.0555	0.3157	0.2602	0.0475	0.3443	0.2968	0.0452
0.0523	0.4813	0.429	0.0562	0.3418	0.2856	0.0452	0.2827	0.2375	0.1008	0.603	0.5022	0.0628	0.5526	0.4898	0.052	0.434	0.382	0.0523	0.3638	0.3115	0.1053	0.2109	0.1056	0.0562	0.3483	0.2921	0.0515	0.7401	0.6886	0.0425
0.0615	0.4649	0.4034	0.0568	0.3313	0.2745	0.0449	0.3136	0.2687	0.1045	1.0215	0.917	0.0586	0.5411	0.4825	0.0555	0.4403	0.3848	0.0639	0.4788	0.4149	0.0924	0.2112	0.1188	0.0676	0.3193	0.2517	0.057	0.4416	0.3846	0.0494
0.0634	0.4388	0.3754	0.0589	0.3563	0.2974	0.0562	0.2433	0.1871	0.1048	0.275	0.1702	0.0515	0.5936	0.5421	0.0494	0.4176	0.3682	0.0502	0.2997	0.2495	0.0993	0.1777	0.0784	0.0594	0.2982	0.2388	0.0531	0.3335	0.2804	0.0489
0.0518	0.4586	0.4068	0.0552	0.3861	0.3309	0.0602	0.2742	0.214	0.0937	0.3338	0.2401	0.0639	1.1705	1.1066	0.0586	0.3893	0.3307	0.0555	0.3234	0.2679	0.081	0.2302	0.1492	0.0578	0.3003	0.2425	0.052	0.5303	0.4783	0.0586
0.0594	0.5248	0.4654	0.0589	0.3434	0.2845	0.0507	0.3476	0.2969	0.1035	0.3806	0.2771	0.0597	0.5836	0.5239	0.0499	0.4268	0.3769	0.0547	0.4337	0.379	0.1022	0.2268	0.1246	0.0636	0.3259	0.2623	0.0528	0.4678	0.415	0.0528
0.0547	0.4898	0.4351	0.0562	0.4824	0.4262	0.0597	0.2978	0.2381	0.1037	0.3172	0.2135	0.0689	1.2042	1.1353	0.0681	0.4698	0.4017	0.0631	0.4762	0.4131	0.1135	0.2777	0.1642	0.066	0.4492	0.3832	0.0615	0.8391	0.7776	0.051
0.062	0.4636	0.4016	0.0584	0.3294	0.271	0.0491	0.2959	0.2468	0.1019	1.1389	1.037	0.0628	0.7881	0.7253	0.0686	0.9271	0.8585	0.0615	0.335	0.2735	0.1188	0.2181	0.0993	0.0684	0.3769	0.3085	0.0602	0.3733	0.3131	0.0235
0.0494	0.4589	0.4095	0.065	0.3783	0.3133	0.0602	0.2848	0.2246	0.0993	0.4144	0.3151	0.066	0.6081	0.5421	0.0576	0.4158	0.3582	0.0602	0.3574	0.2972	0.1341	0.2402	0.1061	0.065	0.351	0.286	0.0631	0.9164	0.8533	0.0697
0.0539	0.4644	0.4105	0.0539	0.365	0.3111	0.0642	0.297	0.2328	0.0961	0.8358	0.7397	0.0708	0.9636	0.8928	0.0657	0.4268	0.3611	0.0597	0.3176	0.2579	0.1148	0.3115	0.1967	0.0631	0.2993	0.2362	0.0584	0.7367	0.6783	0.0536
0.0599	0.6873	0.6274	0.0615	0.336	0.2745	0.0549	0.2845	0.2296	0.1027	0.4265	0.3238	0.0837	0.9005	0.8168	0.0639	0.4508	0.3869	0.0697	0.3941	0.3244	0.1209	0.2234	0.1025	0.062	0.3108	0.2488	0.0555	0.4879	0.4324	0.0665
0.0639	0.4948	0.4309	0.0589	0.3342	0.2753	0.0562	0.2853	0.2291	0.1016	0.3969	0.2953	0.0747	0.5606	0.4859	0.0547	0.3873	0.3326	0.0496	0.2782	0.2286	0.1101	0.1854	0.0753	0.0647	0.3484	0.2837	0.0544	0.3369	0.2825	0.052
0.0586	0.4689	0.4103	0.0525	0.3322	0.2797	0.056	0.2632	0.2072	0.0974	0.371	0.2736	0.0671	0.9499	0.8828	0.0663	0.3933	0.327	0.0531	0.2648	0.2117	0.0932	0.1978	0.1046	0.0589	0.327	0.2681	0.0499	0.3361	0.2862	0.0557
0.0642	0.6349	0.5707	0.0591	0.346	0.2869	0.0494	0.2154	0.166	0.1114	0.27	0.1586	0.0515	0.7092	0.6577	0.0626	0.4244	0.3618	0.057	0.3735	0.3165	0.1227	0.2228	0.1001	0.0639	0.9854	0.9215	0.0536	0.6464	0.5928	0.0491
0.0607	0.439	0.3783	0.0573	0.3326	0.2753	0.0528	0.2349	0.1821	0.0919	0.2893	0.1974	0.0731	1.0161	0.943	0.0663	0.4136	0.3473	0.057	0.2975	0.2405	0.1	0.2072	0.1072	0.0626	0.3225	0.2599	0.0541	2.1875	2.1334	0.0681
0.0573	0.5916	0.5343	0.0494	0.3563	0.3069	0.0518	0.3257	0.2739	0.0961	0.37	0.2739	0.0594	0.5617	0.5023	0.0599	0.4096	0.3497	0.0518	0.3456	0.2938	0.1212	0.2015	0.0803	0.0626	0.3265	0.2639	0.0557	0.7739	0.7182	0.057
0.0584	0.7529	0.6945	0.0599	0.3908	0.3309	0.0591	0.2768	0.2177	0.0766	0.2901	0.2135	0.0636	0.5147	0.4511	0.0594	0.402	0.3426	0.0636	0.3342	0.2706	0.1241	0.2134	0.0893	0.0586	0.3293	0.2707	0.0507	0.4567	0.406	0.0536
0.0679	0.4911	0.4232	0.0528	0.3365	0.2837	0.0557	0.3051	0.2494	0.1029	0.2855	0.1826	0.0557	0.5472	0.4915	0.0589	0.3993	0.3404	0.057	0.436	0.379	0.1069	0.2561	0.1492	0.0576	0.3283	0.2707	0.0539	0.5546	0.5007	0.0591
0.0594	0.4552	0.3958	0.0586	0.3249	0.2663	0.0557	0.2835	0.2278	0.0987	0.2668	0.1681	0.0528	0.5385	0.4857	0.0591	0.4199	0.3608	0.0494	0.3712	0.3218	0.0892	0.189	0.0998	0.0589	0.2943	0.2354	0.0496	0.4416	0.392	0.0467
0.0562	0.4607	0.4045	0.0676	0.5384	0.4708	0.0486	0.3006	0.252	0.0964	0.278	0.1816	0.0618	0.5757	0.5139	0.0552	0.5052	0.45	0.0499	0.2648	0.2149	0.0895	0.155	0.0655	0.0499	0.3352	0.2853	0.0536	0.4198	0.3662	0.0573
0.0647	0.4802	0.4155	0.0599	0.4383	0.3784	0.0541	0.2908	0.2367	0.0919	0.289	0.1971	0.0631	0.5337	0.4706	0.057	0.4323	0.3753	0.0536	0.2922	0.2386	0.104	0.2149	0.1109	0.0576	0.3531	0.2955	0.056	0.8415	0.7855	0.0591
0.0618	0.4768	0.415	0.0594	0.337	0.2776	0.0576	0.2962	0.2386	0.1093	0.3413	0.232	0.0597	0.6648	0.6051	0.0607	0.4194	0.3587	0.0636	0.4265	0.3629	0.1256	0.2624	0.1368	0.07	0.346	0.276	0.0552	0.7539	0.6987	0.0495
0.0634	0.4692	0.4058	0.0713	0.3484	0.2771	0.0555	0.279	0.2235	0.0966	0.2906	0.194	0.0634	0.7034	0.64	0.0679	0.4461	0.3782	0.0586	0.3846	0.326	0.123	0.2123	0.0893	0.0599	0.3217	0.2618	0.0491	0.5728	0.5237	0.0423
0.0784	0.6626	0.5842	0.0533	0.474	0.4207	0.066	0.5429	0.4769	0.1344	1.3517	1.2173	0.0708	1.5948	1.524	0.061	0.4899	0.4289	0.0597	0.4042	0.3445	0.1014	0.2849	0.1835	0.0573	0.3914	0.3341	0.0565	0.6435	0.587	0.0607
0.056	0.6571	0.6011	0.0409	0.3579	0.317	0.0512	0.3631	0.3119	0.081	0.6069	0.5259	0.0599	0.7332	0.6733	0.0599	0.8192	0.7593	0.0655	0.4757	0.4102	0.1093	0.2648	0.1555	0.0512	0.3225	0.2713	0.0504	0.5208	0.4704	0.0642
0.0589	0.7951	0.7362	0.0496	0.3151	0.2655	0.0557	0.3616	0.3059	0.0882	0.4777	0.3895	0.0615	0.5939	0.5324	0.0589	0.4102	0.3513	0.0518	0.3509	0.2991	0.0636	0.1975	0.1339	0.0552	0.3006	0.2454	0.0555	0.5256	0.4701	0.0763
0.0628	0.743	0.6802	0.0494	0.3848	0.3354	0.065	0.3086	0.2436	0.0932	0.4418	0.3486	0.0665	0.6079	0.5414	0.0594	0.4635	0.4041	0.065	0.4208	0.3558	0.0816	0.1732	0.0916	0.0576	0.384	0.3264	0.0586	0.9721	0.9135	0.0602
0.0578	0.5881	0.5303	0.0494	0.36	0.3106	0.0541	0.2761	0.222	0.089	0.5832	0.4942	0.0615	1.1781	1.1166	0.0533	0.5199	0.4666	0.065	0.362	0.297	0.0839	0.1879	0.104	0.0631	0.3072	0.2441	0.0591	0.3854	0.3263	0.0498
0.056	0.5264	0.4704	0.0528	0.3033	0.2505	0.0504	0.2898	0.2394	0.0858	0.4199	0.3341	0.0557	0.6973	0.6416	0.0576	0.4102	0.3526	0.056	0.4311	0.3751	0.0425	0.1869	0.1444	0.0515	0.3077	0.2562	0.0473	0.5721	0.5248	0.0557
0.0573	0.5137	0.4564	0.0531	0.279	0.2259	0.0536	0.256	0.2024	0.0578	0.3676	0.3098	0.0533	0.7749	0.7216	0.046	0.4087	0.3627	0.0486	0.3772	0.3286	0.0291	0.2767	0.2476	0.0634	0.3144	0.251	0.0523	0.3696	0.3173	0.0652
0.0581	0.4813	0.4232	0.0631	0.3186	0.2555	0.0465	0.3094	0.2629	0.0853	0.4418	0.3565	0.0652	0.6012	0.536	0.0586	0.4713	0.4127	0.0576	0.4572	0.3996	0.0715	0.1687	0.0972	0.0597	0.3265	0.2668	0.0541	0.9905	0.9364	0.061
0.0541	0.7892	0.7351	0.0507	0.3568	0.3061	0.0531	0.3088	0.2557	0.0766	0.3215	0.2449	0.0555	0.644	0.5885	0.0489	0.3569	0.308	0.0473	0.5372	0.4899	0.0781	0.231	0.1529	0.0512	0.5286	0.4774	0.0541	0.4783	0.4242	0.0576
0.0581	0.4583	0.4002	0.0536	0.317	0.2634	0.0423	0.2621	0.2198	0.0911	0.4305	0.3394	0.062	1.1387	1.0767	0.0533	0.3871	0.3338	0.0415	0.3678	0.3263	0.0438	0.1555	0.1117	0.0586	0.4043	0.3457	0.056	0.3913	0.3353	0.051
0.0547	0.48	0.4253	0.056	0.3508	0.2948	0.0515	0.2938	0.2423	0.1059	0.4249	0.319	0.0602	0.673	0.6128	0.0499	0.3935	0.3436	0.0462	0.3345	0.2883	0.0871	0.2083	0.1212	0.0494	0.4299	0.3805	0.0547	0.4177	0.363	0.052
0.0578	0.4433	0.3855	0.0491	0.3175	0.2684	0.0441	0.3025	0.2584	0.0839	0.4061	0.3222	0.0504	0.7179	0.6675	0.0533	0.4139	0.3606	0.0525	0.4914	0.4389	0.0866	0.2643	0.1777	0.0531	0.3864	0.3333	0.052	0.6823	0.6303	0.0504
0.056	0.4159	0.3599	0.0518	0.3218	0.27	0.0525	0.2425	0.19	0.0866	0.3104	0.2238	0.0581	1.0921	1.034	0.0562	0.3911	0.3349	0.0533	0.4397	0.3864	0.0961	0.1785	0.0824	0.0562	0.3399	0.2837	0.0428	0.4435	0.4007	0.0525
0.0494	0.5723	0.5229	0.0555	0.355	0.2995	0.0525	0.2541	0.2016	0.0927	0.3766	0.2839	0.0578	1.134	1.0762	0.057	0.444	0.387	0.0547	0.4087	0.354	0.0964	0.2247	0.1283	0.0541	0.3085	0.2544	0.051	0.9114	0.8604	0.056
0.0607	0.6116	0.5509	0.0594	0.3077	0.2483	0.0475	0.2724	0.2249	0.0908	1.1416	1.0508	0.0599	0.5643	0.5044	0.0536	0.3894	0.3358	0.0504	0.355	0.3046	0.0705	0.1777	0.1072	0.0673	0.327	0.2597	0.0496	0.3627	0.3131	0.0607
0.0525	0.4314	0.3789	0.0499	0.312	0.2621	0.0502	0.2035	0.1533	0.1093	0.3653	0.256	0.0525	0.6068	0.5543	0.0562	0.3864	0.3302	0.0491	0.3907	0.3416	0.0895	0.2036	0.1141	0.0578	0.432	0.3742	0.0539	0.4317	0.3778	0.0539
0.0486	0.4201	0.3715	0.0528	0.4268	0.374	0.0481	0.2226	0.1745	0.0911	0.2766	0.1855	0.0515	0.5459	0.4944	0.0525	0.3631	0.3106	0.0454	0.3516	0.3062	0.1082	0.2173	0.1091	0.0436	0.2827	0.2391	0.0528	0.4052	0.3524	0.0536
0.0584	0.4647	0.4063	0.0557	0.3381	0.2824	0.052	0.3009	0.2489	0.0787	0.3352	0.2565	0.0549	0.5851	0.5302	0.0494	0.3997	0.3503	0.0544	0.3532	0.2988	0.0679	0.1828	0.1149	0.0547	0.3173	0.2626	0.051	0.428	0.377	0.0404
0.0515	0.4987	0.4472	0.057	0.3127	0.2557	0.0496	0.3003	0.2507	0.0853	0.3785	0.2932	0.056	0.8567	0.8007	0.0549	0.3817	0.3268	0.0486	0.3854	0.3368	0.0871	0.2371	0.15	0.0565	0.308	0.2515	0.0438	0.9427	0.8989	0.0644
0.047	0.4393	0.3923	0.0528	0.3196	0.2668	0.0444	0.3009	0.2565	0.0842	0.2832	0.199	0.0478	0.6049	0.5571	0.0528	0.3996	0.3468	0.052	0.493	0.441	0.071	0.2122	0.1412	0.057	0.2897	0.2327	0.0462	0.4636	0.4174	0.0547
0.0597	0.4383	0.3786	0.052	0.2835	0.2315	0.056	0.3516	0.2956	0.0845	0.4489	0.3644	0.0562	0.597	0.5408	0.0525	0.3919	0.3394	0.062	0.3901	0.3281	0.1135	0.1785	0.065	0.0613	0.3009	0.2396	0.0518	0.3953	0.3435	0.0518
0.062	0.4929	0.4309	0.0515	0.3004	0.2489	0.0489	0.2595	0.2106	0.0929	0.4191	0.3262	0.0584	0.5974	0.539	0.0573	0.3925	0.3352	0.0607	0.3962	0.3355	0.0937	0.174	0.0803	0.0483	0.3222	0.2739	0.0541	0.4139	0.3598	0.0483
0.057	0.4018	0.3448	0.0591	0.2937	0.2346	0.0502	0.2067	0.1565	0.1183	0.4365	0.3182	0.0613	0.9583	0.897	0.0544	0.5385	0.4841	0.0533	0.2191	0.1658	0.1059	0.1669	0.061	0.047	0.2771	0.2301	0.0544	1.9651	1.9107	0.0562
0.0481	0.3971	0.349	0.0515	0.3049	0.2534	0.0444	0.2365	0.1921	0.0924	0.3381	0.2457	0.0547	0.5243	0.4696	0.0525	0.3336	0.2811	0.0502	0.2749	0.2247	0.0953	0.159	0.0637	0.0507	0.2808	0.2301	0.0562	0.3385	0.2823	0.0715
0.0578	0.5557	0.4979	0.0438	0.313	0.2692	0.0528	0.2534	0.2006	0.0942	0.3349	0.2407	0.0578	0.5509	0.4931	0.0533	0.3492	0.2959	0.0581	0.3704	0.3123	0.0948	0.1975	0.1027	0.0555	0.2824	0.2269	0.0515	0.4443	0.3928	0.0613
0.0668	0.4594	0.3926	0.0547	0.3086	0.2539	0.0494	0.2244	0.175	0.0861	0.2558	0.1697	0.0525	0.4957	0.4432	0.0528	0.3499	0.2971	0.0475	0.3508	0.3033	0.1059	0.1429	0.037	0.0475	0.3143	0.2668	0.0507	0.3337	0.283	0.0518
0.0639	0.4942	0.4303	0.0539	0.3073	0.2534	0.0568	0.2788	0.222	0.0929	0.3014	0.2085	0.0552	1.1053	1.0501	0.0531	0.4129	0.3598	0.0454	0.3593	0.3139	0.1085	0.1962	0.0877	0.0518	0.2933	0.2415	0.0602	0.2715	0.2113	0.052
0.0568	0.4198	0.363	0.0525	0.3045	0.252	0.0423	0.197	0.1547	0.1159	0.2653	0.1494	0.0623	1.0485	0.9862	0.052	0.3587	0.3067	0.0454	0.2545	0.2091	0.1006	0.1788	0.0782	0.0557	0.2982	0.2425	0.0404	0.3168	0.2764	0.0483
0.056	0.3853	0.3293	0.0562	0.2911	0.2349	0.0496	0.2816	0.232	0.0847	0.3536	0.2689	0.0597	0.5255	0.4658	0.056	0.3635	0.3075	0.0494	0.2231	0.1737	0.0969	0.1669	0.07	0.0478	0.2919	0.2441	0.0444	0.2916	0.2472	0.0475
0.0504	0.4089	0.3585	0.0533	1.7709	1.7176	0.0549	0.4808	0.4259	0.0879	0.3154	0.2275	0.0547	0.5488	0.4941	0.0544	0.3468	0.2924	0.0557	0.3004	0.2447	0.0905	0.1771	0.0866	0.0605	0.2851	0.2246	0.0555	0.4626	0.4071	0.0586
0.0573	0.4407	0.3834	0.0547	0.3181	0.2634	0.0525	0.2544	0.2019	0.0942	0.2916	0.1974	0.0639	1.0353	0.9714	0.0539	0.3559	0.302	0.0504	0.2334	0.183	0.0924	0.154	0.0616	0.0502	0.2946	0.2444	0.0486	0.3105	0.2619	0.0605
0.0602	0.4639	0.4037	0.0573	0.3035	0.2462	0.0568	0.307	0.2502	0.0882	0.3107	0.2225	0.0565	0.5651	0.5086	0.0533	0.3363	0.283	0.0565	0.2339	0.1774	0.1132	0.1695	0.0563	0.0507	0.2914	0.2407	0.0549	0.3192	0.2643	0.046
0.0655	0.4254	0.3599	0.0533	0.3048	0.2515	0.0486	0.2291	0.1805	0.0887	0.2483	0.1596	0.0647	2.5733	2.5086	0.0639	0.5659	0.502	0.0581	0.3896	0.3315	0.0871	0.1687	0.0816	0.0549	0.3103	0.2554	0.0581	0.9103	0.8522	0.052
0.052	0.4538	0.4018	0.0525	0.3177	0.2652	0.046	0.2648	0.2188	0.0903	0.275	0.1847	0.0589	0.5678	0.5089	0.046	0.3688	0.3228	0.0573	0.2648	0.2075	0.1235	0.188	0.0645	0.0544	0.3014	0.247	0.0489	0.3056	0.2567	0.0474
0.062	0.3986	0.3366	0.0528	0.3077	0.2549	0.0494	0.2827	0.2333	0.0979	0.3554	0.2575	0.0628	0.9638	0.901	0.056	0.5811	0.5251	0.0584	0.2432	0.1848	0.0771	0.1307	0.0536	0.062	0.2863	0.2243	0.0489	0.305	0.2561	0.0523
0.0541	0.4551	0.401	0.0533	0.3009	0.2476	0.0515	0.3558	0.3043	0.0911	0.2832	0.1921	0.0692	1.2314	1.1622	0.0605	0.3943	0.3338	0.0584	0.3274	0.269	0.0781	0.1684	0.0903	0.0586	0.2877	0.2291	0.0518	0.3069	0.2551	0.0424
0.0578	0.3929	0.3351	0.0528	0.3162	0.2634	0.0541	0.2444	0.1903	0.0948	0.3774	0.2826	0.0589	0.5469	0.488	0.0581	0.3521	0.294	0.0544	0.2714	0.217	0.0961	0.1458	0.0497	0.0581	0.2842	0.2261	0.0515	0.3153	0.2638	0.0565
0.0499	0.7259	0.676	0.0523	0.3162	0.2639	0.0499	0.2618	0.2119	0.1022	0.34	0.2378	0.0573	0.5733	0.516	0.0565	0.3413	0.2848	0.0507	0.3015	0.2508	0.0834	0.1389	0.0555	0.0573	0.3465	0.2892	0.0605	0.329	0.2685	0.0504
0.0552	0.4444	0.3892	0.0565	0.3128	0.2563	0.0489	0.3102	0.2613	0.0887	0.3552	0.2665	0.0586	0.5603	0.5017	0.0615	0.3286	0.2671	0.0591	0.2574	0.1983	0.0863	0.1529	0.0666	0.0481	0.293	0.2449	0.046	0.3478	0.3018	0.0512
0.0552	0.409	0.3538	0.0547	0.3453	0.2906	0.0499	0.3764	0.3265	0.0631	0.3006	0.2375	0.0591	1.0485	0.9894	0.0549	0.4035	0.3486	0.0562	0.2608	0.2046	0.0969	0.1466	0.0497	0.0523	0.2843	0.232	0.0489	0.3457	0.2968	0.0415
0.0525	0.4242	0.3717	0.0584	0.3118	0.2534	0.0499	0.3531	0.3032	0.0974	0.7014	0.604	0.0766	1.2269	1.1503	0.0615	0.769	0.7075	0.062	0.2587	0.1967	0.1243	0.1948	0.0705	0.0528	0.5982	0.5454	0.062	0.4889	0.4269	0.061
0.0562	0.4461	0.3899	0.0483	0.3138	0.2655	0.0552	0.3613	0.3061	0.0837	0.5911	0.5074	0.061	0.5931	0.5321	0.0589	0.3524	0.2935	0.0518	0.2918	0.24	0.0987	0.2238	0.1251	0.0676	0.2993	0.2317	0.0499	0.3435	0.2936	0.0533
0.051	0.3937	0.3427	0.0531	0.3017	0.2486	0.0481	0.3271	0.279	0.1114	0.7991	0.6877	0.0729	0.786	0.7131	0.062	0.3701	0.3081	0.051	0.2709	0.2199	0.1204	0.2218	0.1014	0.0565	0.2895	0.233	0.0515	0.4153	0.3638	0.0541
0.0528	0.4636	0.4108	0.0536	0.3041	0.2505	0.0528	0.3666	0.3138	0.081	0.5365	0.4555	0.0584	0.51	0.4516	0.0528	0.5479	0.4951	0.0628	0.5139	0.4511	0.0934	0.2201	0.1267	0.0496	0.2879	0.2383	0.0473	0.442	0.3947	0.056
0.0639	0.5267	0.4628	0.0565	0.4078	0.3513	0.0568	0.273	0.2162	0.0966	0.2386	0.142	0.0531	0.4374	0.3843	0.0547	0.3398	0.2851	0.0539	0.3203	0.2664	0.1119	0.1853	0.0734	0.0586	0.3001	0.2415	0.046	0.3224	0.2764	0.0465
0.0528	0.4061	0.3533	0.0568	0.292	0.2352	0.0496	0.318	0.2684	0.1053	0.294	0.1887	0.062	0.7197	0.6577	0.0657	0.3953	0.3296	0.0486	0.2886	0.24	0.1489	0.2337	0.0848	0.0573	0.3254	0.2681	0.0494	0.3412	0.2918	0.0655
0.0481	0.4156	0.3675	0.0518	0.2819	0.2301	0.0454	0.2935	0.2481	0.0921	0.3755	0.2834	0.0597	1.0087	0.949	0.0562	0.3608	0.3046	0.0525	0.3817	0.3292	0.0866	0.198	0.1114	0.0552	0.2882	0.233	0.0473	0.3047	0.2574	0.0475
0.0486	0.4264	0.3778	0.0491	0.5183	0.4692	0.0528	0.3645	0.3117	0.0832	0.2951	0.2119	0.0613	0.5995	0.5382	0.0518	0.3199	0.2681	0.0496	0.2703	0.2207	0.108	0.144	0.036	0.0597	0.288	0.2283	0.0499	0.3079	0.258	0.0494
0.0533	0.6158	0.5625	0.0512	0.3135	0.2623	0.0528	0.2663	0.2135	0.0797	0.2206	0.1409	0.0525	0.4503	0.3978	0.0478	0.3233	0.2755	0.0391	0.2569	0.2178	0.0993	0.1799	0.0806	0.0547	0.2906	0.2359	0.0483	0.3538	0.3055	0.0539
0.0573	0.5955	0.5382	0.0515	0.3392	0.2877	0.0536	0.261	0.2074	0.0795	0.3231	0.2436	0.056	0.4981	0.4421	0.0452	0.3756	0.3304	0.0481	0.3469	0.2988	0.09	0.1954	0.1054	0.0536	0.2927	0.2391	0.0407	0.3383	0.2976	0.0457
0.0518	0.4673	0.4155	0.0586	0.3581	0.2995	0.0478	0.2352	0.1874	0.0821	1.4358	1.3537	0.0842	1.0145	0.9303	0.0531	0.3967	0.3436	0.0568	0.3113	0.2545	0.0792	0.1442	0.065	0.0565	0.2842	0.2277	0.043	0.4511	0.4081	0.0547
0.0541	0.4345	0.3804	0.0518	0.2933	0.2415	0.0465	0.2291	0.1826	0.0642	0.4149	0.3507	0.0544	0.6986	0.6442	0.0457	0.3424	0.2967	0.0436	0.2165	0.1729	0.0655	0.1775	0.112	0.0499	0.2681	0.2182	0.0346	0.4744	0.4398	0.0502
0.052	0.4546	0.4026	0.0457	0.3605	0.3148	0.0518	0.2194	0.1676	0.0787	0.3093	0.2306	0.0528	0.5416	0.4888	0.0454	0.336	0.2906	0.0454	0.2139	0.1685	0.061	0.1429	0.0819	0.0489	0.2624	0.2135	0.0454	0.3084	0.263	0.0512
0.0547	0.4415	0.3868	0.0502	0.2914	0.2412	0.0547	0.2381	0.1834	0.071	0.3468	0.2758	0.0449	0.5012	0.4563	0.0438	0.3241	0.2803	0.0444	0.2229	0.1785	0.0876	0.1571	0.0695	0.0549	0.2898	0.2349	0.0341	0.3546	0.3205	0.038
0.0438	0.415	0.3712	0.0525	0.3243	0.2718	0.0454	0.2177	0.1723	0.0813	0.4265	0.3452	0.0589	0.5519	0.493	0.0452	0.3482	0.303	0.0396	0.2007	0.1611	0.0866	0.1442	0.0576	0.0528	0.2906	0.2378	0.0465	0.3356	0.2891	0.0473
0.0589	0.4209	0.362	0.051	0.3439	0.2929	0.0475	0.3404	0.2929	0.085	0.3027	0.2177	0.0507	0.5553	0.5046	0.0491	0.3521	0.303	0.0502	0.2136	0.1634	0.0708	0.1331	0.0623	0.0481	0.3677	0.3196	0.0523	0.3385	0.2862	0.0536
0.0539	0.3964	0.3425	0.0565	0.3399	0.2834	0.0494	0.288	0.2386	0.0929	0.7062	0.6133	0.0602	1.343	1.2828	0.0523	0.3735	0.3212	0.0375	0.2862	0.2487	0.1117	0.1896	0.0779	0.0605	0.3341	0.2736	0.0502	0.4422	0.392	0.052
0.0462	0.3955	0.3493	0.046	0.3983	0.3523	0.0314	0.2584	0.227	0.066	0.39	0.324	0.0502	0.4482	0.398	0.0599	0.3307	0.2708	0.0462	0.1764	0.1302	0.0781	0.1441	0.066	0.0502	0.2748	0.2246	0.0438	0.3543	0.3105	0.066
0.0557	0.4018	0.3461	0.0502	0.3318	0.2816	0.0362	0.2608	0.2246	0.0734	0.2919	0.2185	0.0452	0.4472	0.402	0.0396	0.3284	0.2888	0.0357	0.2089	0.1732	0.099	0.1505	0.0515	0.051	0.307	0.256	0.0502	0.7824	0.7322	0.0599
0.0565	0.4182	0.3617	0.0549	0.5671	0.5122	0.0494	0.2083	0.1589	0.0758	0.2692	0.1934	0.0491	0.4432	0.3941	0.0449	0.3471	0.3022	0.0465	0.1915	0.145	0.0834	0.1384	0.055	0.0499	0.2935	0.2436	0.0465	0.314	0.2675	0.0512
0.0481	0.4262	0.3781	0.0489	0.3323	0.2834	0.0528	0.3072	0.2544	0.0758	0.2618	0.186	0.0496	0.5683	0.5187	0.0494	0.3476	0.2982	0.0478	0.2215	0.1737	0.0792	0.1284	0.0492	0.0557	0.2834	0.2277	0.0544	0.334	0.2796	0.0613
0.062	0.4018	0.3398	0.0578	0.3452	0.2874	0.0457	0.2278	0.1821	0.0781	0.3085	0.2304	0.0504	0.3911	0.3407	0.052	0.3492	0.2972	0.0481	0.1941	0.146	0.1127	0.1283	0.0156	0.0436	0.2959	0.2523	0.0481	0.3272	0.2791	0.0618
0.0504	0.444	0.3936	0.057	0.3718	0.3148	0.047	0.3384	0.2914	0.0879	0.2834	0.1955	0.0512	0.5197	0.4685	0.0512	0.3592	0.308	0.0391	0.207	0.1679	0.0937	0.1144	0.0207	0.051	0.2632	0.2122	0.046	0.3085	0.2625	0.0515
0.0631	0.4203	0.3572	0.056	0.3743	0.3183	0.042	0.2093	0.1673	0.0742	0.2853	0.2111	0.0494	0.4883	0.4389	0.0446	0.3225	0.2779	0.0428	0.2025	0.1597	0.1022	0.1134	0.0112	0.0462	0.2758	0.2296	0.0504	0.3458	0.2954	0.0565
0.0555	0.3731	0.3176	0.051	0.454	0.403	0.0578	0.209	0.1512	0.0874	0.399	0.3116	0.0512	0.4906	0.4394	0.0462	0.3207	0.2745	0.046	0.196	0.15	0.1074	0.1222	0.0148	0.0528	0.2766	0.2238	0.0483	0.311	0.2627	0.0504
0.0483	0.3934	0.3451	0.051	0.3062	0.2552	0.051	0.2574	0.2064	0.0568	0.2386	0.1818	0.0547	0.462	0.4073	0.0507	0.3304	0.2797	0.0507	0.2165	0.1658	0.094	0.1468	0.0528	0.0452	0.284	0.2388	0.042	0.3105	0.2685	0.0584
0.038	0.3979	0.3599	0.0547	0.3463	0.2916	0.0441	0.2399	0.1958	0.1053	0.4198	0.3145	0.0589	0.4696	0.4107	0.0489	1.0528	1.0039	0.0615	0.4054	0.3439	0.0871	0.2088	0.1217	0.0531	0.3117	0.2586	0.0346	0.3353	0.3007	0.0482
0.0499	0.4129	0.363	0.0523	0.389	0.3367	0.0528	0.2626	0.2098	0.0549	0.2758	0.2209	0.0518	0.4456	0.3938	0.0499	0.3357	0.2858	0.052	0.1914	0.1394	0.1069	0.169	0.0621	0.0594	0.3038	0.2444	0.0475	0.3427	0.2952	0.0496
0.0531	0.3985	0.3454	0.0504	0.3172	0.2668	0.0399	0.2291	0.1892	0.0874	0.3481	0.2607	0.0512	0.4144	0.3632	0.0541	0.3627	0.3086	0.0475	0.1801	0.1326	0.104	0.1418	0.0378	0.0475	0.2718	0.2243	0.0489	0.3335	0.2846	0.056
0.0599	0.6082	0.5483	0.047	0.3806	0.3336	0.0536	0.261	0.2074	0.0913	0.2467	0.1554	0.0504	0.4241	0.3737	0.0428	0.3437	0.3009	0.0404	0.2202	0.1798	0.081	0.1288	0.0478	0.0544	0.2724	0.218	0.0452	0.3401	0.2949	0.0449
0.065	0.4484	0.3834	0.0576	0.3205	0.2629	0.0462	0.2708	0.2246	0.0837	0.3193	0.2356	0.0528	0.4569	0.4041	0.0494	0.3601	0.3107	0.0349	0.2321	0.1972	0.1035	0.136	0.0325	0.0489	0.2761	0.2272	0.0417	0.3065	0.2648	0.0528
0.052	0.4454	0.3934	0.0491	0.3423	0.2932	0.0391	0.2642	0.2251	0.0779	0.4233	0.3454	0.0512	0.4336	0.3824	0.0473	0.3434	0.2961	0.0512	0.216	0.1648	0.1151	0.1524	0.0373	0.052	0.2919	0.2399	0.0494	0.315	0.2656	0.0541
0.0597	0.4087	0.349	0.0565	0.3663	0.3098	0.0533	0.3378	0.2845	0.0985	0.2998	0.2013	0.0531	0.3881	0.335	0.046	0.3301	0.2841	0.0589	0.1878	0.1289	0.0821	0.1819	0.0998	0.0613	0.2964	0.2351	0.0507	0.3084	0.2577	0.0465
0.0552	0.4206	0.3654	0.0494	0.365	0.3156	0.0518	0.2495	0.1977	0.0948	0.261	0.1662	0.0489	0.4102	0.3613	0.0483	0.3461	0.2978	0.0423	0.2224	0.1801	0.1183	0.1345	0.0162	0.0533	0.2808	0.2275	0.0481	0.2823	0.2342	0.0458
0.0578	0.3968	0.339	0.0486	0.3183	0.2697	0.0478	0.2534	0.2056	0.0919	0.2869	0.195	0.0515	0.4276	0.3761	0.0581	0.3437	0.2856	0.0547	0.2121	0.1574	0.1259	0.1864	0.0605	0.0618	0.3201	0.2583	0.0607	0.2981	0.2374	0.0512
0.0544	0.5351	0.4807	0.0457	0.3521	0.3064	0.0536	0.256	0.2024	0.0884	0.2504	0.162	0.0467	0.4294	0.3827	0.0499	0.3418	0.2919	0.0499	0.2345	0.1846	0.0863	0.1289	0.0426	0.0544	0.2666	0.2122	0.043	0.2904	0.2474	0.0475
0.0568	0.4175	0.3607	0.0573	0.3186	0.2613	0.0557	0.2331	0.1774	0.0948	0.3202	0.2254	0.0518	0.4113	0.3595	0.0489	0.3696	0.3207	0.0473	0.2197	0.1724	0.1059	0.1558	0.0499	0.0533	0.2905	0.2372	0.0481	0.3071	0.259	0.0518
0.0599	0.452	0.3921	0.0573	0.4867	0.4294	0.0457	0.3426	0.2969	0.0866	0.2924	0.2058	0.0494	0.4817	0.4323	0.0512	0.3434	0.2922	0.0465	0.201	0.1545	0.0966	0.1492	0.0526	0.0576	0.4323	0.3747	0.0496	0.326	0.2764	0.0425
0.0644	0.4253	0.3609	0.0536	0.3244	0.2708	0.0533	0.2457	0.1924	0.09	0.3101	0.2201	0.052	0.6526	0.6006	0.0473	0.3373	0.29	0.0452	0.1815	0.1363	0.1101	0.187	0.0769	0.0523	0.317	0.2647	0.0499	0.3248	0.2749	0.0504
0.0536	0.3945	0.3409	0.0533	0.3734	0.3201	0.0581	0.3017	0.2436	0.0483	0.2428	0.1945	0.0573	0.4371	0.3798	0.0496	0.3747	0.3251	0.0486	0.2147	0.1661	0.1314	0.1391	0.0077	0.0555	0.2877	0.2322	0.043	0.2933	0.2503	0.0499
0.0589	0.4219	0.363	0.0481	0.3519	0.3038	0.0573	0.2109	0.1536	0.1114	0.3017	0.1903	0.0531	0.4741	0.421	0.0512	0.3376	0.2864	0.0533	0.1832	0.1299	0.1231	0.112	-0.0111	0.0579	0.26	0.2021	0.0481	0.2873	0.2392	0.0481
0.0578	0.7407	0.6829	0.0478	0.3977	0.3499	0.0483	0.2766	0.2283	0.0845	0.2621	0.1776	0.0518	0.407	0.3552	0.0496	0.3474	0.2978	0.0454	0.2078	0.1624	0.1035	0.117	0.0135	0.0581	0.2782	0.2201	0.0478	0.3058	0.258	0.0565
0.0628	0.4124	0.3496	0.0515	0.3471	0.2956	0.046	0.2397	0.1937	0.0898	0.4276	0.3378	0.062	0.4044	0.3424	0.0549	0.3452	0.2903	0.0623	0.2089	0.1466	0.0908	0.1553	0.0645	0.0452	0.2682	0.223	0.0436	0.3198	0.2762	0.0591
0.0533	0.386	0.3327	0.0489	0.3044	0.2555	0.0475	0.1892	0.1417	0.1111	0.3111	0.2	0.0528	0.4276	0.3748	0.0512	0.3399	0.2887	0.0512	0.2202	0.169	0.1164	0.1233	0.0069	0.0549	0.2908	0.2359	0.0478	0.3045	0.2567	0.0536
0.0618	0.4016	0.3398	0.0644	0.3183	0.2539	0.0502	0.2268	0.1766	0.1151	0.3104	0.1953	0.0568	0.4218	0.365	0.0494	0.3152	0.2658	0.0581	0.2859	0.2278	0.1204	0.1247	0.0043	0.0549	0.2913	0.2364	0.0457	0.3061	0.2604	0.0507
0.0586	0.3839	0.3253	0.0578	0.2803	0.2225	0.0599	0.1438	0.0839	0.1185	0.2602	0.1417	0.0489	0.4287	0.3798	0.0486	0.3228	0.2742	0.0536	0.2104	0.1568	0.099	0.183	0.084	0.0562	0.2871	0.2309	0.0491	0.2852	0.2361	0.0462
0.0552	0.3966	0.3414	0.062	0.2927	0.2307	0.0628	0.1734	0.1106	0.0995	0.3019	0.2024	0.0565	0.3933	0.3368	0.052	0.3347	0.2827	0.0536	0.2484	0.1948	0.1027	0.1249	0.0222	0.052	0.2966	0.2446	0.0375	0.2979	0.2604	0.052
0.0586	0.4169	0.3583	0.0555	0.3265	0.271	0.0496	0.2206	0.171	0.1061	0.2853	0.1792	0.0528	0.4253	0.3725	0.0562	0.3598	0.3036	0.0541	0.2532	0.1991	0.1024	0.1476	0.0452	0.0568	0.2771	0.2203	0.0486	0.4462	0.3976	0.0599
0.0594	0.3955	0.3361	0.0502	0.2967	0.2465	0.0478	0.2146	0.1668	0.0979	0.3248	0.2269	0.057	0.4141	0.3571	0.0533	0.3631	0.3098	0.052	0.2078	0.1558	0.1154	0.1967	0.0813	0.0536	0.3832	0.3296	0.0481	0.296	0.2479	0.0448
0.0552	0.5214	0.4662	0.0544	0.3584	0.304	0.0544	0.2407	0.1863	0.1	0.2718	0.1718	0.0499	0.3827	0.3328	0.0478	0.3123	0.2645	0.0523	0.1854	0.1331	0.1201	0.1421	0.022	0.057	0.2726	0.2156	0.0449	0.282	0.2371	0.0504
0.0539	0.4074	0.3535	0.0525	0.3143	0.2618	0.0539	0.1917	0.1378	0.1233	0.3555	0.2322	0.056	1.3969	1.3409	0.0644	0.6078	0.5434	0.0528	0.2009	0.1481	0.1111	0.1824	0.0713	0.057	0.2937	0.2367	0.0499	0.3081	0.2582	0.0457
0.0607	0.429	0.3683	0.0544	0.313	0.2586	0.0512	0.2597	0.2085	0.1016	0.4003	0.2987	0.0533	0.3809	0.3276	0.051	0.3187	0.2677	0.0528	0.2041	0.1513	0.1354	0.1463	0.0109	0.0515	0.2658	0.2143	0.0475	0.3532	0.3057	0.0507
0.0499	0.3863	0.3364	0.0512	0.3204	0.2692	0.0486	0.2117	0.1631	0.0739	0.2734	0.1995	0.0555	0.4401	0.3846	0.0436	0.341	0.2974	0.0613	0.23	0.1687	0.1381	0.1365	-0.0016	0.0581	0.2711	0.213	0.0475	0.2999	0.2524	0.0565
0.0684	0.3984	0.33	0.0528	0.3534	0.3006	0.0491	0.2951	0.246	0.0895	0.2462	0.1567	0.0539	0.3783	0.3244	0.0412	0.3392	0.298	0.0454	0.2141	0.1687	0.1146	0.1189	0.0043	0.0528	0.2742	0.2214	0.0467	0.3071	0.2604	0.0444
0.0557	0.4106	0.3549	0.0452	0.3366	0.2914	0.0473	0.2094	0.1621	0.0871	0.2549	0.1678	0.0541	0.3561	0.302	0.0539	0.354	0.3001	0.0533	0.222	0.1687	0.1219	0.1497	0.0278	0.0491	0.276	0.2269	0.0467	0.2952	0.2485	0.0541
0.0525	0.3831	0.3306	0.0565	0.398	0.3415	0.0557	0.2676	0.2119	0.0869	0.275	0.1881	0.0528	0.4028	0.35	0.0539	0.3495	0.2956	0.0496	0.2368	0.1872	0.1204	0.1944	0.074	0.0681	0.2953	0.2272	0.0441	0.3187	0.2746	0.0557
0.0599	0.3649	0.305	0.0549	0.2877	0.2328	0.057	0.214	0.157	0.1077	0.2444	0.1367	0.0615	0.3819	0.3204	0.0483	0.3481	0.2998	0.0478	0.2081	0.1603	0.1243	0.141	0.0167	0.0552	0.2721	0.2169	0.0565	0.3074	0.2509	0.0494
0.062	0.6132	0.5512	0.0533	0.3304	0.2771	0.0613	0.2595	0.1982	0.0966	0.4922	0.3956	0.0663	0.4543	0.388	0.0536	0.3279	0.2743	0.0436	0.1733	0.1297	0.1122	0.1255	0.0133	0.0502	0.2679	0.2177	0.0446	0.3026	0.258	0.0467
0.0568	0.494	0.4372	0.0528	0.3605	0.3077	0.0518	0.2083	0.1565	0.0821	0.309	0.2269	0.0525	0.5381	0.4856	0.0478	0.3228	0.275	0.0444	0.2041	0.1597	0.1312	0.1233	-0.0079	0.0507	0.29	0.2393	0.0264	0.9546	0.9282	0.0597
0.056	0.3905	0.3345	0.0557	0.3046	0.2489	0.0496	0.1993	0.1497	0.1066	0.2647	0.1581	0.0491	0.354	0.3049	0.0533	0.3254	0.2721	0.0452	0.1981	0.1529	0.095	0.1405	0.0455	0.0557	0.2813	0.2256	0.0375	0.7179	0.6804	0.0533
0.0689	0.6048	0.5359	0.0602	0.3183	0.2581	0.0578	0.4539	0.3961	0.1177	1.4339	1.3162	0.0644	1.4412	1.3768	0.0755	0.5104	0.4349	0.0636	0.4954	0.4318	0.1043	0.2094	0.1051	0.0639	0.2877	0.2238	0.0541	0.4836	0.4295	0.0668
0.0644	1.1056	1.0412	0.0523	0.3107	0.2584	0.0502	0.2872	0.237	0.0797	0.3789	0.2992	0.0597	0.5826	0.5229	0.0557	0.4194	0.3637	0.0547	0.3717	0.317	0.0892	0.1573	0.0681	0.0607	0.2945	0.2338	0.046	0.3209	0.2749	0.0512
0.0597	0.4359	0.3762	0.0504	0.4463	0.3959	0.0481	0.2748	0.2267	0.076	0.3119	0.2359	0.066	0.53	0.464	0.0594	0.3505	0.2911	0.0499	0.3236	0.2737	0.108	0.1748	0.0668	0.0591	0.2623	0.2032	0.0578	0.3274	0.2696	0.0594
0.0644	0.4704	0.406	0.0594	0.4724	0.413	0.0491	0.2428	0.1937	0.0768	0.3164	0.2396	0.0544	0.4812	0.4268	0.0531	0.3604	0.3073	0.0478	0.3094	0.2616	0.0533	0.2114	0.1581	0.0581	0.2753	0.2172	0.046	0.3747	0.3287	0.0605
0.0533	0.4475	0.3942	0.0473	0.3033	0.256	0.0446	0.2615	0.2169	0.0784	0.3874	0.309	0.0557	0.5582	0.5025	0.0512	0.3637	0.3125	0.0525	0.2756	0.2231	0.1119	0.1985	0.0866	0.0639	0.2903	0.2264	0.0565	0.3013	0.2448	0.0482
0.0568	0.4299	0.3731	0.0547	0.2788	0.2241	0.0533	0.251	0.1977	0.0971	0.2937	0.1966	0.0555	0.5667	0.5112	0.0515	0.3627	0.3112	0.0528	0.23	0.1772	0.1064	0.1685	0.0621	0.0433	0.2829	0.2396	0.0462	0.2833	0.2371	0.0466
0.0541	0.4182	0.3641	0.051	0.2862	0.2352	0.0475	0.2797	0.2322	0.0768	0.2459	0.1691	0.0499	0.501	0.4511	0.0507	0.3634	0.3127	0.0499	0.2558	0.2059	0.0615	0.1191	0.0576	0.0573	0.309	0.2517	0.0512	0.2881	0.2369	0.0495
0.0578	0.4359	0.3781	0.0578	0.3077	0.2499	0.0496	0.2665	0.2169	0.0721	0.3365	0.2644	0.0552	0.515	0.4598	0.0507	0.3435	0.2928	0.0465	0.2276	0.1811	0.1249	0.1738	0.0489	0.0594	0.2774	0.218	0.0489	0.2789	0.23	0.0499
0.0589	0.5478	0.4889	0.0555	0.3244	0.2689	0.0499	0.2663	0.2164	0.0663	0.3653	0.299	0.0549	0.7239	0.669	0.0555	0.3661	0.3106	0.0628	0.2943	0.2315	0.09	0.241	0.151	0.0576	0.2803	0.2227	0.0467	0.292	0.2453	0.047
0.0552	0.4008	0.3456	0.0528	0.4988	0.446	0.0562	0.3679	0.3117	0.0768	0.3122	0.2354	0.0512	0.74	0.6888	0.0523	0.3369	0.2846	0.0383	0.2205	0.1822	0.108	0.201	0.093	0.0512	0.3367	0.2855	0.0523	0.3076	0.2553	0.0444
0.0512	0.4113	0.3601	0.0589	0.3914	0.3325	0.0589	0.3144	0.2555	0.075	0.2719	0.1969	0.0483	0.5775	0.5292	0.0496	0.5629	0.5133	0.0552	0.359	0.3038	0.089	0.3933	0.3043	0.0525	0.3388	0.2863	0.051	0.3042	0.2532	0.0453
0.0483	0.3852	0.3369	0.0615	0.3595	0.298	0.0433	0.2584	0.2151	0.0832	0.2801	0.1969	0.0555	1.1069	1.0514	0.0597	0.4047	0.345	0.0533	0.245	0.1917	0.1019	0.207	0.1051	0.0597	0.2927	0.233	0.0523	0.3211	0.2688	0.0433
0.0512	0.4879	0.4367	0.061	0.3437	0.2827	0.0465	0.2777	0.2312	0.0747	0.2789	0.2042	0.0523	0.5702	0.5179	0.0605	0.3965	0.336	0.0539	0.3949	0.341	0.0908	0.1972	0.1064	0.0573	0.2959	0.2386	0.0507	0.386	0.3353	0.0594
0.0555	0.3964	0.3409	0.0576	0.3096	0.252	0.0478	0.2695	0.2217	0.0776	0.2871	0.2095	0.0586	0.5767	0.5181	0.0467	0.3557	0.309	0.0473	0.2276	0.1803	0.114	0.1613	0.0473	0.0547	0.2721	0.2174	0.047	0.2979	0.2509	0.042
0.0555	0.4381	0.3826	0.0586	0.3215	0.2629	0.0462	0.2993	0.2531	0.1022	0.2735	0.1713	0.0562	0.6186	0.5624	0.0541	0.4201	0.366	0.0578	0.3611	0.3033	0.1024	0.2122	0.1098	0.0547	0.3371	0.2824	0.0483	0.3221	0.2738	0.0475
0.0562	0.4654	0.4092	0.0573	0.3487	0.2914	0.0499	0.2711	0.2212	0.0774	0.3558	0.2784	0.0557	0.5731	0.5174	0.0489	0.3691	0.3202	0.0486	0.2442	0.1956	0.0948	0.2733	0.1785	0.0615	0.2935	0.232	0.0491	0.3369	0.2878	0.047
0.0581	0.4734	0.4153	0.0536	0.4183	0.3647	0.0536	0.3093	0.2557	0.0779	0.3798	0.3019	0.0605	0.5065	0.446	0.0562	0.3772	0.321	0.0589	0.2939	0.235	0.1275	0.207	0.0795	0.0528	0.2929	0.2401	0.0457	0.3148	0.2691	0.0441
0.0491	0.396	0.3469	0.0594	0.399	0.3396	0.0602	0.2473	0.1871	0.09	0.3053	0.2153	0.0618	0.5427	0.4809	0.0549	0.3845	0.3296	0.0444	0.2142	0.1698	0.1185	0.1568	0.0383	0.0533	0.2631	0.2098	0.051	0.2863	0.2353	0.0357
0.0673	0.7462	0.6789	0.0555	0.3722	0.3167	0.056	0.226	0.17	0.0839	0.2779	0.194	0.0576	0.5219	0.4643	0.0515	0.4199	0.3684	0.0565	0.2772	0.2207	0.0927	0.1453	0.0526	0.0533	0.275	0.2217	0.051	0.3008	0.2498	0.0428
0.0473	0.4106	0.3633	0.0528	0.3378	0.285	0.0396	0.2581	0.2185	0.0731	0.2465	0.1734	0.0541	0.5503	0.4962	0.0552	0.3701	0.3149	0.056	0.3371	0.2811	0.0924	0.1972	0.1048	0.0547	0.3017	0.247	0.0465	0.3335	0.287	0.0444
0.0565	0.4095	0.353	0.057	0.3096	0.2526	0.0496	0.2093	0.1597	0.0837	0.3679	0.2842	0.0597	0.5791	0.5194	0.0528	0.4128	0.36	0.0491	0.1928	0.1437	0.1396	0.1621	0.0225	0.0528	0.2903	0.2375	0.0428	0.2992	0.2564	0.0449
0.0507	0.4071	0.3564	0.0528	0.3325	0.2797	0.0533	0.2829	0.2296	0.0784	0.3111	0.2327	0.0599	0.4769	0.417	0.0496	0.3428	0.2932	0.0473	0.2136	0.1663	0.1053	0.1806	0.0753	0.0528	0.2745	0.2217	0.0478	0.3066	0.2588	0.047
0.065	0.4056	0.3406	0.051	0.2946	0.2436	0.0499	0.2191	0.1692	0.075	0.5835	0.5085	0.0531	0.8018	0.7487	0.0531	0.42	0.3669	0.0478	0.2936	0.2458	0.0932	0.255	0.1618	0.056	0.303	0.247	0.046	0.3085	0.2625	0.0411
0.0565	0.7309	0.6744	0.0565	0.3365	0.28	0.0491	0.2621	0.213	0.0671	0.3505	0.2834	0.0602	0.5588	0.4986	0.0457	0.3643	0.3186	0.0465	0.1933	0.1468	0.09	0.1428	0.0528	0.0586	0.2565	0.1979	0.047	0.2807	0.2337	0.0467
0.0512	0.4752	0.424	0.0457	0.4402	0.3945	0.0555	0.3104	0.2549	0.0605	0.6247	0.5642	0.056	1.3861	1.3301	0.0423	0.3548	0.3125	0.0407	0.1701	0.1294	0.0916	0.1262	0.0346	0.052	0.2684	0.2164	0.0489	0.3317	0.2828	0.0462
0.0523	0.356	0.3037	0.0507	0.3062	0.2555	0.0433	0.2204	0.1771	0.081	0.2465	0.1655	0.0518	0.3989	0.3471	0.051	0.3292	0.2782	0.0478	0.1872	0.1394	0.1188	0.1278	0.009	0.0544	0.2576	0.2032	0.0512	0.296	0.2448	0.0491
0.0491	0.3628	0.3137	0.056	0.3036	0.2476	0.0481	0.2025	0.1544	0.0684	0.2238	0.1554	0.0584	0.4831	0.4247	0.0547	0.368	0.3133	0.0536	0.2046	0.151	0.1407	0.1669	0.0262	0.0523	0.2803	0.228	0.056	0.3058	0.2498	0.0407
0.0578	0.4971	0.4393	0.0565	0.3463	0.2898	0.0562	0.2415	0.1853	0.0821	0.3172	0.2351	0.0536	0.4867	0.4331	0.0515	0.3326	0.2811	0.0475	0.1922	0.1447	0.1204	0.1162	-0.0042	0.0628	0.3016	0.2388	0.0504	0.3205	0.2701	0.0518
0.0591	0.5446	0.4855	0.0599	0.3507	0.2908	0.056	0.2616	0.2056	0.0826	0.2539	0.1713	0.057	1.0636	1.0066	0.0673	0.411	0.3437	0.047	0.1967	0.1497	0.1222	0.1558	0.0336	0.056	0.2745	0.2185	0.047	0.32	0.273	0.0594
0.056	0.389	0.333	0.0536	0.3199	0.2663	0.0491	0.2687	0.2196	0.0726	0.3009	0.2283	0.0544	0.4791	0.4247	0.0552	0.3424	0.2872	0.0502	0.215	0.1648	0.1354	0.145	0.0096	0.0562	0.2958	0.2396	0.0507	0.3068	0.2561	0.0489
0.0565	0.396	0.3395	0.052	0.2964	0.2444	0.0473	0.2421	0.1948	0.0763	0.279	0.2027	0.0573	0.4636	0.4063	0.0573	0.4081	0.3508	0.056	0.2311	0.1751	0.0742	0.1004	0.0262	0.0573	0.2753	0.218	0.0494	0.2966	0.2472	0.0496
0.0528	0.3778	0.325	0.0581	0.3233	0.2652	0.057	0.1995	0.1425	0.0993	0.2824	0.1831	0.0578	0.4519	0.3941	0.0525	0.3457	0.2932	0.0449	0.2007	0.1558	0.1238	0.1722	0.0484	0.052	0.2768	0.2248	0.052	0.3018	0.2498	0.0452
0.0568	0.3979	0.3411	0.0444	0.3212	0.2768	0.0425	0.3389	0.2964	0.0692	0.394	0.3248	0.0586	0.4701	0.4115	0.0512	0.355	0.3038	0.0555	0.262	0.2065	0.1127	0.1677	0.055	0.0568	0.288	0.2312	0.051	0.813	0.762	0.0576
0.0636	0.3923	0.3287	0.0589	0.369	0.3101	0.0523	0.2539	0.2016	0.0679	0.3355	0.2676	0.0591	0.4804	0.4213	0.0589	0.3279	0.269	0.0591	0.2204	0.1613	0.1307	0.1421	0.0114	0.0655	0.2821	0.2166	0.0515	0.3686	0.3171	0.0531
0.0552	0.3797	0.3245	0.0565	0.3423	0.2858	0.0502	0.2598	0.2096	0.0908	0.232	0.1412	0.0584	0.4327	0.3743	0.0518	0.3759	0.3241	0.0338	0.2197	0.1859	0.094	0.2147	0.1207	0.0634	0.3574	0.294	0.0512	0.4715	0.4203	0.056
0.0578	0.3778	0.32	0.0599	0.4837	0.4238	0.0531	0.2608	0.2077	0.0808	0.2402	0.1594	0.0523	0.463	0.4107	0.052	0.382	0.33	0.0562	0.2006	0.1444	0.1059	0.1635	0.0576	0.0525	0.2691	0.2166	0.0528	0.3084	0.2556	0.0438
0.0573	0.4021	0.3448	0.0525	0.3101	0.2576	0.042	0.2742	0.2322	0.0681	0.3143	0.2462	0.0591	0.5413	0.4822	0.0547	0.3321	0.2774	0.0475	0.2257	0.1782	0.1	0.1156	0.0156	0.0576	0.2471	0.1895	0.0528	0.2936	0.2408	0.052
0.0549	0.3834	0.3285	0.0528	0.3225	0.2697	0.0499	0.2244	0.1745	0.0744	0.291	0.2166	0.0602	0.4369	0.3767	0.0518	0.3533	0.3015	0.0652	0.2371	0.1719	0.0958	0.1349	0.0391	0.0634	0.2592	0.1958	0.0518	0.309	0.2572	0.0475
0.0676	0.5143	0.4467	0.0555	0.3447	0.2892	0.0533	0.2877	0.2344	0.0795	0.2655	0.186	0.0528	0.4363	0.3835	0.0531	0.3527	0.2996	0.0533	0.2028	0.1495	0.108	0.1453	0.0373	0.0541	0.2586	0.2045	0.0523	0.315	0.2627	0.0491
0.0618	0.3911	0.3293	0.0597	0.3542	0.2945	0.0533	0.2615	0.2082	0.0631	0.2412	0.1781	0.0591	0.4991	0.44	0.0597	0.359	0.2993	0.0634	0.1917	0.1283	0.1156	0.1553	0.0397	0.0555	0.2471	0.1916	0.0473	0.3092	0.2619	0.051
0.0573	0.4327	0.3754	0.0486	0.3294	0.2808	0.052	0.2478	0.1958	0.089	0.3716	0.2826	0.0599	0.5057	0.4458	0.0557	0.3387	0.283	0.0372	0.207	0.1698	0.1138	0.179	0.0652	0.0536	0.2681	0.2145	0.0446	0.3002	0.2556	0.0512
0.0568	0.376	0.3192	0.0565	0.2853	0.2288	0.051	0.198	0.147	0.0882	0.2853	0.1971	0.0536	0.4005	0.3469	0.0515	0.3329	0.2814	0.0491	0.1922	0.1431	0.1172	0.151	0.0338	0.0536	0.2549	0.2013	0.0518	0.2926	0.2408	0.0531
0.0552	0.5502	0.495	0.0557	0.2887	0.233	0.0452	0.2358	0.1906	0.0739	0.337	0.2631	0.0552	0.4899	0.4347	0.0536	0.339	0.2854	0.0465	0.2142	0.1677	0.1143	0.1291	0.0148	0.051	0.2563	0.2053	0.047	0.3076	0.2606	0.0428
0.0594	0.4301	0.3707	0.0605	0.3748	0.3143	0.0507	1.5596	1.5089	0.1101	1.0719	0.9618	0.0536	0.5213	0.4677	0.057	0.3424	0.2854	0.0547	0.1717	0.117	0.1238	0.1342	0.0104	0.0549	0.2438	0.1889	0.0467	0.3326	0.2859	0.0494
0.0555	0.5022	0.4467	0.0586	0.3072	0.2486	0.0465	0.1758	0.1293	0.0755	0.2497	0.1742	0.0523	0.4237	0.3714	0.047	0.3297	0.2827	0.0568	0.1875	0.1307	0.1336	0.1405	0.0069	0.0615	0.2644	0.2029	0.052	0.3087	0.2567	0.0544
0.061	0.3858	0.3248	0.0504	0.3301	0.2797	0.0483	0.2724	0.2241	0.108	0.2843	0.1763	0.0552	0.46	0.4048	0.0576	0.3598	0.3022	0.047	0.2323	0.1853	0.1254	0.1466	0.0212	0.0489	0.2582	0.2093	0.0518	0.305	0.2532	0.0533
0.0644	0.9095	0.8451	0.0565	0.4289	0.3724	0.0549	0.2885	0.2336	0.085	0.2961	0.2111	0.0533	0.4904	0.4371	0.0525	0.3721	0.3196	0.0549	0.2368	0.1819	0.1114	0.126	0.0146	0.0523	0.255	0.2027	0.0473	0.3404	0.2931	0.0541
0.0618	0.4027	0.3409	0.0489	0.2933	0.2444	0.047	0.2117	0.1647	0.1024	0.2774	0.175	0.0565	0.4933	0.4368	0.0547	0.3754	0.3207	0.0586	0.2566	0.198	0.1008	0.1415	0.0407	0.0518	0.2756	0.2238	0.047	0.3208	0.2738	0.0478
0.0568	0.4198	0.363	0.0539	0.3474	0.2935	0.0465	0.2476	0.2011	0.0863	0.2676	0.1813	0.0586	0.4907	0.4321	0.0504	0.4445	0.3941	0.0576	0.2379	0.1803	0.0858	0.1402	0.0544	0.0523	0.2719	0.2196	0.0504	0.3443	0.2939	0.0491
0.0515	0.5586	0.5071	0.0518	0.3508	0.299	0.051	0.2819	0.2309	0.0708	0.2948	0.224	0.0531	0.524	0.4709	0.0507	0.3495	0.2988	0.056	0.2374	0.1814	0.118	0.1402	0.0222	0.051	0.275	0.224	0.0486	0.2979	0.2493	0.051