0.1227	0.3092	0.1865	0.0634	0.1028	0.0394	0.0803	0.1379	0.0576	0.0884	1.0964	1.008	0.0679	1.0652	0.9973	0.0726	0.4112	0.3386	0.0874	0.149	0.0616	0.0781	0.2901	0.212	0.07	0.2806	0.2106	0.0774	0.8856	0.8082	0.0781
0.0789	0.3783	0.2994	0.0768	0.1972	0.1204	0.0694	0.1285	0.0591	0.0776	1.6063	1.5287	0.081	0.6187	0.5377	0.0729	0.4656	0.3927	0.0734	0.1603	0.0869	0.0768	0.2175	0.1407	0.0713	0.285	0.2137	0.0829	0.6106	0.5277	0.0723
0.0942	0.2475	0.1533	0.0784	0.1209	0.0425	0.0576	0.1223	0.0647	0.0742	0.6656	0.5914	0.0774	0.5533	0.4759	0.0758	0.4447	0.3689	0.0644	0.1455	0.0811	0.0694	0.2019	0.1325	0.0689	0.493	0.4241	0.1106	0.6369	0.5263	0.0737
0.0747	0.2393	0.1646	0.0774	0.1144	0.037	0.0605	0.1165	0.056	0.07	0.8535	0.7835	0.0689	0.7664	0.6975	0.0776	0.3252	0.2476	0.0665	0.1993	0.1328	0.0842	0.2803	0.1961	0.0573	0.2753	0.218	0.0808	0.5955	0.5147	0.0768
0.119	0.3696	0.2506	0.0694	0.1774	0.108	0.0555	0.1091	0.0536	0.0747	0.8714	0.7967	0.0776	0.5387	0.4611	0.0779	0.2054	0.1275	0.0692	0.1128	0.0436	0.061	0.1574	0.0964	0.0599	0.2871	0.2272	0.0942	0.5493	0.4551	0.0818
0.0937	0.666	0.5723	0.0684	0.1004	0.032	0.0708	0.1489	0.0781	0.0792	0.7122	0.633	0.08	0.4968	0.4168	0.0826	0.2497	0.1671	0.0729	0.13	0.0571	0.0721	0.1553	0.0832	0.0694	0.237	0.1676	0.0774	0.6082	0.5308	0.0813
0.0913	0.2831	0.1918	0.0803	0.1666	0.0863	0.0673	0.1214	0.0541	0.0842	0.7004	0.6162	0.075	0.5026	0.4276	0.0942	0.2354	0.1412	0.0787	0.1231	0.0444	0.0655	0.1133	0.0478	0.0731	0.2351	0.162	0.0784	0.5557	0.4773	0.0829
0.0813	0.2224	0.1411	0.0686	0.1058	0.0372	0.0697	0.1283	0.0586	0.0713	0.7043	0.633	0.0718	0.4675	0.3957	0.0803	0.2176	0.1373	0.0766	0.1134	0.0368	0.0639	0.1001	0.0362	0.0752	0.2327	0.1575	0.0789	0.9203	0.8414	0.1185
0.1441	0.2989	0.1548	0.0744	0.1072	0.0328	0.0813	0.1439	0.0626	0.0718	0.6903	0.6185	0.0694	0.5028	0.4334	0.0903	0.207	0.1167	0.0855	0.1281	0.0426	0.0694	0.128	0.0586	0.0705	0.2404	0.1699	0.0853	0.5747	0.4894	0.0821
0.1267	0.2132	0.0865	0.0702	0.1169	0.0467	0.0705	0.118	0.0475	0.0684	0.5732	0.5048	0.08	0.4297	0.3497	0.0766	0.1925	0.1159	0.0826	0.116	0.0334	0.0755	0.1186	0.0431	0.0784	0.2531	0.1747	0.0795	0.5106	0.4311	0.0821
0.1	0.3227	0.2227	0.0705	0.1167	0.0462	0.0626	0.1415	0.0789	0.0808	0.7241	0.6433	0.0715	0.5075	0.436	0.094	0.2307	0.1367	0.0853	0.1311	0.0458	0.0599	0.1183	0.0584	0.0737	0.2209	0.1472	0.0781	0.5796	0.5015	0.0275
0.1006	0.228	0.1274	0.0911	0.1711	0.08	0.0502	0.1072	0.057	0.0665	0.7365	0.67	0.0694	1.6312	1.5618	0.1037	0.318	0.2143	0.0768	0.1481	0.0713	0.0663	0.141	0.0747	0.0668	0.2148	0.148	0.0787	0.5641	0.4854	0.0861
0.1077	0.1942	0.0865	0.0739	0.1024	0.0285	0.0531	0.1281	0.075	0.0679	0.602	0.5341	0.071	0.4585	0.3875	0.0855	0.1869	0.1014	0.0752	0.1194	0.0442	0.0573	0.102	0.0447	0.076	0.1966	0.1206	0.085	0.5834	0.4984	0.0898
0.1122	0.1947	0.0825	0.0726	0.1376	0.065	0.0565	0.0974	0.0409	0.0766	0.8901	0.8135	0.0681	0.5323	0.4642	0.0795	0.1706	0.0911	0.0726	0.1017	0.0291	0.066	0.0985	0.0325	0.0779	0.1856	0.1077	0.0845	0.4829	0.3984	0.0847
0.0863	0.2403	0.154	0.0721	0.1175	0.0454	0.0657	0.1241	0.0584	0.0681	0.6143	0.5462	0.0692	0.7567	0.6875	0.0789	0.2286	0.1497	0.0779	0.1081	0.0302	0.0594	0.1299	0.0705	0.0615	0.2272	0.1657	0.0805	0.5361	0.4556	0.0808
0.0979	0.2707	0.1728	0.0679	0.0933	0.0254	0.0607	0.1188	0.0581	0.07	0.6532	0.5832	0.066	0.5263	0.4603	0.0768	0.1949	0.1181	0.0726	0.1152	0.0426	0.0607	0.1051	0.0444	0.0689	0.1929	0.124	0.0797	0.4617	0.382	0.0816
0.1214	0.1754	0.054	0.0636	0.1249	0.0613	0.057	0.1032	0.0462	0.0671	0.7368	0.6697	0.0715	0.4537	0.3822	0.0813	0.1671	0.0858	0.0689	0.102	0.0331	0.0634	0.0906	0.0272	0.0737	0.1793	0.1056	0.0813	0.4361	0.3548	0.0752
0.1198	0.1891	0.0693	0.0673	0.1072	0.0399	0.0536	0.112	0.0584	0.0708	0.4946	0.4238	0.0679	0.4121	0.3442	0.0906	0.1719	0.0813	0.0631	0.0928	0.0297	0.0734	0.1028	0.0294	0.0774	0.183	0.1056	0.0734	0.4799	0.4065	0.0861
0.1196	0.1934	0.0738	0.0747	0.1465	0.0718	0.0647	0.0901	0.0254	0.07	1.0007	0.9307	0.0887	0.5179	0.4292	0.0868	0.1644	0.0776	0.0671	0.1266	0.0595	0.065	0.093	0.028	0.0739	0.2119	0.138	0.0795	0.5077	0.4282	0.085
0.1296	0.2261	0.0965	0.0726	0.1447	0.0721	0.0671	0.116	0.0489	0.0718	0.7154	0.6436	0.0739	0.4545	0.3806	0.0779	0.1869	0.109	0.0713	0.1268	0.0555	0.056	0.111	0.055	0.0752	0.1995	0.1243	0.0829	0.5364	0.4535	0.0737
0.0977	0.2238	0.1261	0.0715	0.1098	0.0383	0.0713	0.1399	0.0686	0.0708	0.516	0.4452	0.0718	0.4693	0.3975	0.0781	0.1555	0.0774	0.0789	0.0977	0.0188	0.0549	0.1056	0.0507	0.0726	0.1782	0.1056	0.0813	0.4736	0.3923	0.0832
0.113	0.2201	0.1071	0.0723	0.1533	0.081	0.0858	0.1238	0.038	0.0747	0.8122	0.7375	0.0837	0.5928	0.5091	0.0839	0.2693	0.1854	0.0729	0.1445	0.0716	0.066	0.1341	0.0681	0.0673	0.2483	0.181	0.0805	0.9726	0.8921	0.0787
0.0882	0.1689	0.0807	0.0708	0.0962	0.0254	0.0668	0.1249	0.0581	0.07	0.5352	0.4652	0.0766	0.3846	0.308	0.0745	0.1331	0.0586	0.0657	0.1041	0.0384	0.0705	0.098	0.0275	0.0752	0.2114	0.1362	0.0874	0.5079	0.4205	0.0869
0.0961	0.5705	0.4744	0.0536	0.2967	0.2431	0.0671	0.1326	0.0655	0.0737	1.0382	0.9645	0.0803	0.5524	0.4721	0.0774	0.1513	0.0739	0.066	0.1001	0.0341	0.0697	0.0977	0.028	0.0692	0.1663	0.0971	0.0795	0.4734	0.3939	0.0737
0.1143	0.1844	0.0701	0.0715	0.1061	0.0346	0.0623	0.1101	0.0478	0.0795	0.7408	0.6613	0.0797	0.46	0.3803	0.0935	0.1896	0.0961	0.0763	0.1036	0.0273	0.0737	0.1152	0.0415	0.0766	0.3117	0.2351	0.095	0.5446	0.4496	0.0689
0.0937	0.1775	0.0838	0.0663	0.0626	-0.0037	0.0779	0.1653	0.0874	0.071	0.6961	0.6251	0.0816	0.5541	0.4725	0.0792	0.1397	0.0605	0.0713	0.102	0.0307	0.0618	0.0756	0.0138	0.0726	0.1644	0.0918	0.0882	0.5188	0.4306	0.0731
0.1029	0.1904	0.0875	0.0591	0.0945	0.0354	0.0607	0.1185	0.0578	0.0729	0.6326	0.5597	0.0866	0.4153	0.3287	0.0911	0.1489	0.0578	0.0502	0.5857	0.5355	0.0668	0.1265	0.0597	0.0591	0.1599	0.1008	0.0768	0.5052	0.4284	0.076
0.0829	0.1346	0.0517	0.0681	0.1122	0.0441	0.0681	0.094	0.0259	0.076	0.5536	0.4776	0.0803	0.4057	0.3254	0.0824	0.1497	0.0673	0.0752	0.108	0.0328	0.0557	0.075	0.0193	0.0723	0.1625	0.0902	0.0882	0.4694	0.3812	0.0779
0.085	0.1876	0.1026	0.0731	0.1241	0.051	0.0555	0.1226	0.0671	0.0803	0.641	0.5607	0.0679	1.0079	0.94	0.0953	0.3046	0.2093	0.0726	0.1674	0.0948	0.0539	0.1199	0.066	0.0663	0.3186	0.2523	0.0855	0.5147	0.4292	0.0797
0.0966	0.1826	0.086	0.0721	0.1072	0.0351	0.062	0.1211	0.0591	0.0742	0.6004	0.5262	0.0818	0.4376	0.3558	0.0732	0.1685	0.0953	0.0758	0.1252	0.0494	0.0689	0.0808	0.0119	0.0713	0.1732	0.1019	0.0842	0.4746	0.3904	0.0876
0.1024	0.191	0.0886	0.0702	0.1191	0.0489	0.0626	0.1083	0.0457	0.0771	0.5819	0.5048	0.0697	0.3788	0.3091	0.0821	0.1373	0.0552	0.0784	0.1213	0.0429	0.0518	0.0843	0.0325	0.0663	0.1708	0.1045	0.0879	0.467	0.3791	0.0821
0.0993	0.3961	0.2968	0.0752	0.1731	0.0979	0.0541	0.1177	0.0636	0.0718	0.5402	0.4684	0.0718	0.426	0.3542	0.0924	0.2131	0.1207	0.0663	0.1424	0.0761	0.056	0.0869	0.0309	0.0681	0.1673	0.0992	0.0803	0.4605	0.3802	0.0795
0.1032	0.191	0.0878	0.0718	0.1518	0.08	0.0423	0.0991	0.0568	0.0671	1.1538	1.0867	0.0673	0.5152	0.4479	0.075	0.1996	0.1246	0.0715	0.1653	0.0938	0.047	0.0481	0.0011	0.0673	0.1684	0.1011	0.0866	0.4699	0.3833	0.0731
0.0747	0.1646	0.0899	0.071	0.1328	0.0618	0.0454	0.0993	0.0539	0.0694	0.6175	0.5481	0.0715	0.4368	0.3653	0.0766	0.1379	0.0613	0.0758	0.1411	0.0653	0.0555	0.0637	0.0082	0.07	0.1703	0.1003	0.0839	0.516	0.4321	0.0626
0.0921	0.2002	0.1081	0.0665	0.1138	0.0473	0.0557	0.1207	0.065	0.0734	1.0809	1.0075	0.0752	0.4284	0.3532	0.0776	0.1645	0.0869	0.0729	0.1377	0.0648	0.0557	0.0811	0.0254	0.0663	0.1763	0.11	0.081	0.505	0.424	0.0644
0.0929	0.1897	0.0968	0.0652	0.1093	0.0441	0.0584	0.1218	0.0634	0.0818	1.1307	1.0489	0.0874	0.4445	0.3571	0.0866	0.1587	0.0721	0.0713	0.112	0.0407	0.0599	0.0911	0.0312	0.0731	0.1504	0.0773	0.0861	0.4515	0.3654	0.075
0.1035	0.5085	0.405	0.0734	0.1518	0.0784	0.0589	0.1304	0.0715	0.0739	0.6959	0.622	0.0697	0.402	0.3323	0.0742	0.1521	0.0779	0.0718	0.1165	0.0447	0.0507	0.0756	0.0249	0.0723	0.1657	0.0934	0.0845	0.4124	0.3279	0.0755
0.1235	0.2596	0.1361	0.0747	0.2109	0.1362	0.0573	0.2091	0.1518	0.0747	0.7104	0.6357	0.0694	0.3706	0.3012	0.0776	0.1272	0.0496	0.0684	0.1184	0.05	0.0491	0.0682	0.0191	0.07	0.1642	0.0942	0.0921	0.439	0.3469	0.0929
0.1051	0.2003	0.0952	0.0694	0.1291	0.0597	0.0557	0.4756	0.4199	0.0768	0.8423	0.7655	0.0726	0.7392	0.6666	0.0837	0.2637	0.18	0.0684	0.154	0.0856	0.061	0.1207	0.0597	0.0663	0.294	0.2277	0.0813	1.1568	1.0755	0.1019
0.1304	1.0112	0.8808	0.0784	0.1726	0.0942	0.0861	0.1426	0.0565	0.0684	0.8302	0.7618	0.0779	0.3814	0.3035	0.0755	0.1333	0.0578	0.07	0.1121	0.0421	0.0523	0.0653	0.013	0.0755	0.1594	0.0839	0.0882	0.5396	0.4514	0.0829
0.0942	0.5731	0.4789	0.0832	0.1986	0.1154	0.0726	0.1547	0.0821	0.0705	0.6811	0.6106	0.0758	0.4369	0.3611	0.1048	0.2038	0.099	0.0808	0.1252	0.0444	0.056	0.0869	0.0309	0.0673	0.1689	0.1016	0.0916	0.5377	0.4461	0.0977
0.1024	0.4472	0.3448	0.0739	0.1399	0.066	0.0813	0.1827	0.1014	0.0697	0.5914	0.5217	0.0686	0.3877	0.3191	0.0805	0.1465	0.066	0.0726	0.1424	0.0698	0.056	0.0349	-0.0211	0.0776	0.4639	0.3863	0.0842	0.4744	0.3902	0.0861
0.1523	0.2388	0.0865	0.0876	0.1713	0.0837	0.0597	0.1756	0.1159	0.0739	0.6668	0.5929	0.0755	0.3553	0.2798	0.0813	0.1423	0.061	0.0768	0.1273	0.0505	0.0549	0.0695	0.0146	0.0676	0.1782	0.1106	0.0913	0.8699	0.7786	0.0966
0.1064	0.2045	0.0981	0.0742	0.1215	0.0473	0.0581	0.1281	0.07	0.0763	0.6956	0.6193	0.0723	0.4188	0.3465	0.0764	0.177	0.1006	0.075	0.1493	0.0743	0.0586	0.0814	0.0228	0.0705	0.1885	0.118	0.0929	0.6338	0.5409	0.0964
0.081	0.3485	0.2675	0.0742	0.1307	0.0565	0.0755	0.1352	0.0597	0.0676	1.0389	0.9713	0.0758	0.6538	0.578	0.0737	0.1997	0.126	0.081	0.3719	0.2909	0.061	0.1297	0.0687	0.0597	0.4413	0.3816	0.0919	0.5338	0.4419	0.0879
0.1	0.4113	0.3113	0.0639	0.1381	0.0742	0.0739	0.6315	0.5576	0.0776	0.745	0.6674	0.0739	0.4482	0.3743	0.0774	0.1344	0.057	0.0705	0.1176	0.0471	0.0531	0.0619	0.0088	0.0747	0.1689	0.0942	0.0863	0.5213	0.435	0.0964
0.1016	0.5325	0.4309	0.0758	0.1352	0.0594	0.0668	0.1259	0.0591	0.0692	0.5645	0.4953	0.0734	0.6069	0.5335	0.0726	0.2347	0.1621	0.0969	0.1875	0.0906	0.0615	0.0943	0.0328	0.0686	0.1763	0.1077	0.0898	0.4919	0.4021	0.0853
0.0808	0.2446	0.1638	0.0842	0.1378	0.0536	0.0718	0.1462	0.0744	0.0721	0.5352	0.4631	0.0673	0.4059	0.3386	0.0816	0.1331	0.0515	0.0824	0.1461	0.0637	0.0533	0.0848	0.0315	0.0723	0.1689	0.0966	0.0863	0.8127	0.7264	0.0913
0.0977	0.2103	0.1126	0.0808	0.1489	0.0681	0.0668	0.1241	0.0573	0.071	0.5254	0.4544	0.0742	0.4401	0.3659	0.0845	0.2419	0.1574	0.0945	0.1637	0.0692	0.061	0.1162	0.0552	0.0644	0.1942	0.1298	0.0784	0.5327	0.4543	0.0887
0.0903	0.243	0.1527	0.0789	0.147	0.0681	0.0581	0.1463	0.0882	0.0713	0.5719	0.5006	0.0771	0.3675	0.2904	0.0758	0.1405	0.0647	0.0763	0.1463	0.07	0.0702	0.0856	0.0154	0.0684	0.2125	0.1441	0.0911	0.7106	0.6195	0.0871
0.1391	0.324	0.1849	0.0792	1.096	1.0168	0.0921	0.3051	0.213	0.1262	1.0355	0.9093	0.0837	0.7142	0.6305	0.0924	0.288	0.1956	0.1032	0.1181	0.0149	0.065	0.154	0.089	0.0789	0.2346	0.1557	0.0869	0.6552	0.5683	0.0905
0.1428	0.1623	0.0195	0.0813	0.1513	0.07	0.0723	0.1412	0.0689	0.0861	0.5898	0.5037	0.081	0.3917	0.3107	0.1019	0.193	0.0911	0.0742	0.116	0.0418	0.0702	0.1494	0.0792	0.0708	0.2093	0.1385	0.085	0.4781	0.3931	0.0874
0.1365	0.4565	0.32	0.0697	0.1515	0.0818	0.0694	0.1491	0.0797	0.099	0.6605	0.5615	0.1037	0.578	0.4743	0.0809	0.1854	0.1045	0.0657	0.1117	0.046	0.0636	0.1412	0.0776	0.0673	0.1702	0.1029	0.0803	0.4863	0.406	0.0787
0.1172	0.2034	0.0862	0.071	0.1159	0.0449	0.0729	0.1487	0.0758	0.0803	0.531	0.4507	0.0779	0.4332	0.3553	0.0903	0.1861	0.0958	0.0766	0.134	0.0574	0.0697	0.1035	0.0338	0.0665	0.1678	0.1013	0.0853	0.5159	0.4306	0.0729
0.0892	0.1667	0.0775	0.0755	0.1679	0.0924	0.0665	0.1402	0.0737	0.0744	0.6014	0.527	0.0692	0.4023	0.3331	0.0882	0.1671	0.0789	0.0663	0.0989	0.0326	0.0528	0.1085	0.0557	0.0681	0.1689	0.1008	0.0882	1.2843	1.1961	0.1468
0.1365	0.3589	0.2224	0.0818	0.1219	0.0401	0.0599	0.1544	0.0945	0.0739	0.5494	0.4755	0.0784	0.6558	0.5774	0.0824	0.2337	0.1513	0.0879	0.1075	0.0196	0.0705	0.1315	0.061	0.0758	0.2165	0.1407	0.0858	0.4839	0.3981	0.0874
0.1122	0.1475	0.0353	0.0739	0.1259	0.052	0.0647	0.1228	0.0581	0.065	0.4964	0.4314	0.0626	0.4273	0.3647	0.0763	0.151	0.0747	0.0694	0.0853	0.0159	0.0642	0.1009	0.0367	0.0729	0.1449	0.072	0.1006	0.4098	0.3092	0.0829
0.0948	0.167	0.0722	0.0692	0.1133	0.0441	0.0639	0.1399	0.076	0.0903	0.5159	0.4256	0.0829	1.4797	1.3968	0.0644	0.4835	0.4191	0.0628	0.1315	0.0687	0.0576	0.1767	0.1191	0.0383	0.2333	0.195	0.0813	0.5499	0.4686	0.0845
0.1051	0.1995	0.0944	0.0697	0.1059	0.0362	0.065	0.1463	0.0813	0.0607	0.5074	0.4467	0.0705	0.3512	0.2807	0.0684	0.1312	0.0628	0.0668	0.0888	0.022	0.0602	0.0896	0.0294	0.0774	0.1816	0.1042	0.0934	0.5308	0.4374	0.0729
0.0987	0.1496	0.0509	0.0655	0.1196	0.0541	0.0702	0.1357	0.0655	0.0845	0.5442	0.4597	0.0628	0.3812	0.3184	0.0784	0.1623	0.0839	0.0634	0.0851	0.0217	0.0634	0.0988	0.0354	0.0755	0.1657	0.0902	0.0913	0.4604	0.3691	0.0787
0.1595	0.2046	0.0451	0.0721	0.1452	0.0731	0.0742	0.1228	0.0486	0.0702	0.6402	0.57	0.0686	0.4049	0.3363	0.075	0.1481	0.0731	0.0834	0.1212	0.0378	0.0679	0.1036	0.0357	0.0784	0.194	0.1156	0.0884	1.1565	1.0681	0.1048
0.113	0.2436	0.1306	0.0895	0.2051	0.1156	0.0726	0.1407	0.0681	0.0731	0.6022	0.5291	0.071	0.4661	0.3951	0.0787	0.2125	0.1338	0.0824	0.1205	0.0381	0.0737	0.1582	0.0845	0.0702	0.2143	0.1441	0.0853	0.5217	0.4364	0.1006
0.1138	0.147	0.0332	0.0808	0.1386	0.0578	0.0655	0.1349	0.0694	0.0705	0.6223	0.5518	0.0766	0.6525	0.5759	0.0768	0.1634	0.0866	0.0847	0.1125	0.0278	0.0631	0.1212	0.0581	0.0705	0.1837	0.1132	0.0934	0.5437	0.4503	0.0924
0.1359	0.2232	0.0873	0.0694	0.1676	0.0982	0.0676	0.1352	0.0676	0.0842	0.5943	0.5101	0.0723	0.3746	0.3023	0.0875	0.1424	0.0549	0.0594	0.1468	0.0874	0.0668	0.1254	0.0586	0.0874	0.2534	0.166	0.0863	0.6013	0.515	0.1095
0.1399	0.1923	0.0524	0.0723	0.1296	0.0573	0.0631	0.1426	0.0795	0.0781	0.4956	0.4175	0.0689	0.3952	0.3263	0.0779	0.1312	0.0533	0.0686	0.0961	0.0275	0.0715	0.0919	0.0204	0.0779	0.1695	0.0916	0.0839	0.4297	0.3458	0.0948
0.1069	0.1686	0.0617	0.0805	0.1547	0.0742	0.0597	0.1096	0.0499	0.0776	0.4721	0.3945	0.0665	0.5997	0.5332	0.075	0.1925	0.1175	0.0927	0.1142	0.0215	0.0555	0.1382	0.0827	0.0715	0.1852	0.1137	0.0855	0.4556	0.3701	0.0887
0.1106	0.1504	0.0398	0.0718	0.1634	0.0916	0.037	0.1162	0.0792	0.0615	1.1896	1.1281	0.0884	0.4754	0.387	0.0813	0.1734	0.0921	0.0697	0.1017	0.032	0.051	0.0949	0.0439	0.0681	0.4061	0.338	0.0752	0.5667	0.4915	0.0861
0.085	0.1232	0.0382	0.0676	0.1442	0.0766	0.0642	0.1088	0.0446	0.0671	0.5083	0.4412	0.0715	0.369	0.2975	0.0839	0.1454	0.0615	0.0731	0.108	0.0349	0.0607	0.0956	0.0349	0.0729	0.1647	0.0918	0.0863	0.4754	0.3891	0.0771
0.0945	0.19	0.0955	0.0692	0.1159	0.0467	0.0684	0.1484	0.08	0.0713	0.4785	0.4072	0.0731	0.3479	0.2748	0.0814	0.1342	0.0528	0.0715	0.1101	0.0386	0.0557	0.0793	0.0236	0.0742	0.1626	0.0884	0.0845	0.4873	0.4028	0.0948
0.1288	0.2171	0.0883	0.0676	0.1626	0.095	0.0829	0.1325	0.0496	0.0721	0.583	0.5109	0.071	0.3598	0.2888	0.0718	0.1254	0.0536	0.0744	0.1012	0.0268	0.0668	0.089	0.0222	0.0739	0.1692	0.0953	0.0911	0.6114	0.5203	0.0842
0.0808	0.1311	0.0503	0.0681	0.1323	0.0642	0.0755	0.104	0.0285	0.0626	0.6022	0.5396	0.0737	0.3421	0.2684	0.084	0.1347	0.0507	0.0726	0.1104	0.0378	0.0639	0.0743	0.0104	0.0779	0.1663	0.0884	0.0908	0.4332	0.3424	0.0887
0.1117	0.1494	0.0377	0.0615	0.1536	0.0921	0.0655	0.1128	0.0473	0.0639	0.4893	0.4254	0.066	0.3738	0.3078	0.0752	0.1615	0.0863	0.0726	0.1115	0.0389	0.0808	0.1183	0.0375	0.0755	0.1718	0.0963	0.0805	0.4804	0.3999	0.0839
0.1027	0.1296	0.0269	0.0652	0.132	0.0668	0.0615	0.1162	0.0547	0.0729	0.5363	0.4634	0.0731	0.3445	0.2714	0.0681	0.141	0.0729	0.0744	0.1291	0.0547	0.0874	0.1508	0.0634	0.0639	0.1557	0.0918	0.0919	0.533	0.4411	0.0871
0.0956	0.1298	0.0342	0.0655	0.1278	0.0623	0.0536	0.098	0.0444	0.0679	0.6788	0.6109	0.0636	0.6577	0.5941	0.0705	0.2566	0.1861	0.0689	0.1508	0.0819	0.0565	0.0837	0.0272	0.0671	0.1676	0.1005	0.0898	0.5993	0.5095	0.0808
0.0818	0.1313	0.0495	0.0689	0.1185	0.0496	0.0639	0.1006	0.0367	0.0599	0.7275	0.6676	0.0657	0.3774	0.3117	0.0695	0.1271	0.0576	0.0626	0.102	0.0394	0.0634	0.1136	0.0502	0.0528	0.1494	0.0966	0.0813	0.6119	0.5306	0.0869
0.0884	0.1403	0.0519	0.0679	0.1162	0.0483	0.065	0.112	0.047	0.0623	1.2062	1.1439	0.0642	0.4433	0.3791	0.0663	0.5104	0.4441	0.0726	0.1366	0.064	0.0708	0.1279	0.0571	0.0668	0.2201	0.1533	0.0729	0.5333	0.4604	0.0752
0.1003	0.1609	0.0606	0.0694	0.1048	0.0354	0.0679	0.1178	0.0499	0.0671	0.7867	0.7196	0.0634	0.3163	0.2529	0.0816	0.145	0.0634	0.0428	0.1073	0.0645	0.0661	0.0592	-0.0069	0.0682	0.1664	0.0982	0.0839	0.5501	0.4662	0.071
0.0993	0.1164	0.0171	0.065	0.121	0.056	0.0547	0.1394	0.0847	0.0618	1.1147	1.0529	0.07	0.4113	0.3413	0.0739	0.1941	0.1202	0.0813	0.135	0.0537	0.0531	0.0875	0.0344	0.0639	0.1581	0.0942	0.0898	0.5193	0.4295	0.0916
0.1098	0.1902	0.0804	0.0599	0.0774	0.0175	0.0681	0.2014	0.1333	0.0913	0.8402	0.7489	0.0686	0.3059	0.2373	0.0711	0.1326	0.0615	0.0708	0.1258	0.055	0.0737	0.0854	0.0117	0.0694	0.1892	0.1198	0.0898	0.6528	0.563	0.0731
0.1074	0.1622	0.0548	0.0626	0.1128	0.0502	0.0684	0.113	0.0446	0.0763	0.741	0.6647	0.0766	0.3801	0.3035	0.0818	0.151	0.0692	0.0644	0.1278	0.0634	0.0642	0.0872	0.023	0.0747	0.1818	0.1071	0.0847	0.5723	0.4876	0.0568
0.0905	0.1543	0.0638	0.0628	0.1597	0.0969	0.0591	0.127	0.0679	0.0729	0.6418	0.5689	0.0702	0.3379	0.2677	0.0871	0.1465	0.0594	0.0631	0.1226	0.0595	0.0586	0.0716	0.013	0.071	0.1707	0.0997	0.0834	0.6406	0.5572	0.0723
0.0892	0.3617	0.2725	0.0731	0.1863	0.1132	0.0547	0.1067	0.052	0.0752	0.5642	0.489	0.0668	0.3012	0.2344	0.0829	0.1391	0.0562	0.0795	0.1202	0.0407	0.0708	0.0822	0.0114	0.0686	0.1583	0.0897	0.08	0.5029	0.4229	0.081
0.0866	0.1446	0.058	0.0631	0.1054	0.0423	0.0679	0.1112	0.0433	0.0676	0.5249	0.4573	0.0634	0.3045	0.2411	0.0592	0.1424	0.0832	0.0467	0.8622	0.8155	0.0697	0.2223	0.1526	0.0552	0.7774	0.7222	0.0879	0.4802	0.3923	0.0766
0.0797	0.8322	0.7525	0.0618	0.174	0.1122	0.0679	0.1186	0.0507	0.0737	1.7909	1.7172	0.0776	0.4429	0.3653	0.0792	0.2139	0.1347	0.0784	0.1426	0.0642	0.0462	0.0938	0.0476	0.0742	0.1898	0.1156	0.0858	0.524	0.4382	0.0876
0.0898	0.1916	0.1018	0.0679	0.1109	0.043	0.062	0.1201	0.0581	0.0652	0.522	0.4568	0.0771	0.3567	0.2796	0.1183	0.3947	0.2764	0.075	0.131	0.056	0.0689	0.1455	0.0766	0.0613	0.1626	0.1013	0.0871	0.5823	0.4952	0.0758
0.1185	0.2005	0.082	0.071	0.132	0.061	0.0615	0.1156	0.0541	0.0684	0.5674	0.499	0.0679	0.372	0.3041	0.1001	0.1775	0.0774	0.0768	0.1165	0.0397	0.0647	0.0869	0.0222	0.0797	0.1689	0.0892	0.0908	0.5976	0.5068	0.0858
0.0855	0.1807	0.0952	0.0665	0.1349	0.0684	0.0652	0.1209	0.0557	0.0779	0.5867	0.5088	0.0763	0.3429	0.2666	0.0819	0.1922	0.1103	0.0639	0.1141	0.0502	0.0681	0.1326	0.0645	0.0644	0.161	0.0966	0.0882	0.5623	0.4741	0.0898
0.0803	0.1684	0.0881	0.0628	0.1185	0.0557	0.0615	0.1286	0.0671	0.0742	0.6159	0.5417	0.0655	0.3997	0.3342	0.0713	0.1679	0.0966	0.0694	0.126	0.0566	0.0486	0.0645	0.0159	0.0692	0.1513	0.0821	0.0876	0.5414	0.4538	0.0771
0.0916	0.1404	0.0488	0.0602	0.1228	0.0626	0.0605	0.1078	0.0473	0.0713	0.4587	0.3874	0.0623	0.3522	0.2899	0.0739	0.1602	0.0863	0.062	0.0977	0.0357	0.0615	0.1041	0.0426	0.0723	0.157	0.0847	0.0869	0.5122	0.4253	0.0861
0.085	0.139	0.054	0.062	0.1264	0.0644	0.0631	0.117	0.0539	0.0718	0.917	0.8452	0.0665	0.4299	0.3634	0.079	0.1769	0.0979	0.0726	0.0972	0.0246	0.0584	0.0954	0.037	0.075	0.1835	0.1085	0.0818	0.5292	0.4474	0.0919
0.1119	0.1675	0.0556	0.0578	0.1064	0.0486	0.0615	0.1259	0.0644	0.0639	0.5621	0.4982	0.07	0.3746	0.3046	0.0697	0.1325	0.0628	0.0784	0.1044	0.026	0.065	0.0838	0.0188	0.0734	0.1663	0.0929	0.0916	0.5335	0.4419	0.0734
0.0781	0.1298	0.0517	0.0644	0.1104	0.046	0.061	0.1138	0.0528	0.0715	0.8486	0.7771	0.0642	0.4912	0.427	0.0665	0.4017	0.3352	0.0541	0.145	0.0909	0.0549	0.1165	0.0616	0.0481	0.2275	0.1794	0.0768	0.5137	0.4369	0.0734
0.1209	0.1731	0.0522	0.0607	0.1172	0.0565	0.0576	0.1062	0.0486	0.061	0.6051	0.5441	0.0671	0.3654	0.2983	0.0845	1.1812	1.0967	0.0758	0.3197	0.2439	0.0737	0.4057	0.332	0.0597	0.2064	0.1467	0.0673	0.5343	0.467	0.0731
0.0768	0.124	0.0472	0.0636	0.1082	0.0446	0.0581	0.0909	0.0328	0.0681	0.6017	0.5336	0.0689	0.4638	0.3949	0.075	0.1494	0.0744	0.0689	0.121	0.0521	0.0676	0.0859	0.0183	0.076	0.1768	0.1008	0.0763	0.5274	0.4511	0.0705
0.1045	0.2031	0.0986	0.0705	0.1325	0.062	0.0776	0.1378	0.0602	0.0752	0.5819	0.5067	0.0652	0.368	0.3028	0.0676	0.1391	0.0715	0.0784	0.1081	0.0297	0.0605	0.0914	0.0309	0.0705	0.1547	0.0842	0.0924	0.4522	0.3598	0.0842
0.0974	0.1952	0.0978	0.0689	0.1273	0.0584	0.0586	0.1241	0.0655	0.0718	0.4547	0.3829	0.0679	0.3522	0.2843	0.094	0.1429	0.0489	0.0631	0.1036	0.0405	0.061	0.0906	0.0296	0.0969	0.1974	0.1005	0.0855	0.5374	0.4519	0.0816
0.0795	0.1451	0.0656	0.0671	0.1131	0.046	0.0628	0.1153	0.0525	0.0686	0.5299	0.4613	0.0639	0.3216	0.2577	0.0885	0.1476	0.0591	0.0758	0.0957	0.0199	0.0739	0.0909	0.017	0.0829	0.1792	0.0963	0.0863	0.5042	0.4179	0.0792
0.0905	0.1635	0.073	0.0607	0.1288	0.0681	0.0518	0.126	0.0742	0.0708	1.1968	1.126	0.0747	0.4036	0.3289	0.0956	0.1579	0.0623	0.0734	0.0901	0.0167	0.0668	0.0859	0.0191	0.0789	0.1794	0.1005	0.0932	0.6533	0.5601	0.0708
0.0874	0.1929	0.1055	0.0686	0.1417	0.0731	0.0615	0.1075	0.046	0.0663	0.5262	0.4599	0.0755	0.3284	0.2529	0.085	0.1207	0.0357	0.0808	0.1189	0.0381	0.065	0.1076	0.0426	0.0832	0.1983	0.1151	0.0908	0.6697	0.5789	0.094
0.0834	0.1836	0.1002	0.0721	0.1257	0.0536	0.0531	0.098	0.0449	0.0755	0.8012	0.7257	0.0718	0.634	0.5622	0.0779	0.5735	0.4956	0.066	0.169	0.103	0.0591	0.1267	0.0676	0.0715	0.2602	0.1887	0.0792	0.6311	0.5519	0.0834
0.1296	0.1723	0.0427	0.056	0.1162	0.0602	0.0723	0.1367	0.0644	0.0734	0.5647	0.4913	0.0689	1.0836	1.0147	0.1304	0.5616	0.4312	0.0934	0.1695	0.0761	0.0718	0.1996	0.1278	0.0631	0.232	0.1689	0.1275	0.5966	0.4691	0.0974
0.0837	0.5525	0.4688	0.0692	0.1133	0.0441	0.0979	0.1412	0.0433	0.0752	0.5848	0.5096	0.0731	0.4076	0.3345	0.0859	0.2303	0.1444	0.0752	0.1144	0.0392	0.071	0.1655	0.0945	0.0755	0.2019	0.1264	0.0729	0.5821	0.5092	0.0879
0.1177	0.1955	0.0778	0.0779	0.1246	0.0467	0.0634	0.1378	0.0744	0.0642	0.6556	0.5914	0.0771	0.3899	0.3128	0.0842	0.1761	0.0919	0.0713	0.1178	0.0465	0.0708	0.1345	0.0637	0.0584	0.1843	0.1259	0.0855	0.6145	0.529	0.0911
0.1114	0.1668	0.0554	0.0784	0.1465	0.0681	0.0655	0.1117	0.0462	0.0795	0.7482	0.6687	0.0781	0.4115	0.3334	0.0914	0.1558	0.0644	0.0832	0.0941	0.0109	0.0708	0.6638	0.593	0.0853	0.2399	0.1546	0.1254	0.523	0.3976	0.0784
0.0948	0.1678	0.073	0.0884	0.1457	0.0573	0.0792	0.1399	0.0607	0.0818	0.6169	0.5351	0.0668	0.5411	0.4743	0.0861	0.1766	0.0905	0.0837	0.093	0.0093	0.0956	0.1524	0.0568	0.0755	0.2101	0.1346	0.0974	0.5781	0.4807	0.0723
0.1111	0.1694	0.0583	0.0937	0.1457	0.052	0.0684	0.1233	0.0549	0.0721	0.6405	0.5684	0.0824	0.4145	0.3321	0.0745	0.1896	0.1151	0.0876	0.1173	0.0297	0.0555	0.1279	0.0724	0.0702	0.1829	0.1127	0.0932	0.5501	0.4569	0.0903
0.1367	0.2074	0.0707	0.0731	0.1433	0.0702	0.0684	0.1289	0.0605	0.081	0.6346	0.5536	0.0779	0.3801	0.3022	0.0705	0.15	0.0795	0.0919	0.1305	0.0386	0.0652	0.15	0.0848	0.0721	0.2154	0.1433	0.0887	0.5559	0.4672	0.0742
0.094	0.7592	0.6652	0.0768	0.141	0.0642	0.0774	0.1234	0.046	0.0726	0.7144	0.6418	0.0686	0.4663	0.3977	0.0921	0.2156	0.1235	0.0945	0.1611	0.0666	0.0665	0.1655	0.099	0.0684	0.212	0.1436	0.0826	0.5013	0.4187	0.0803
0.0961	0.3797	0.2836	0.0744	0.1438	0.0694	0.0652	0.1323	0.0671	0.0692	0.7606	0.6914	0.0705	0.3546	0.2841	0.079	0.1624	0.0834	0.0937	0.1051	0.0114	0.0729	0.1426	0.0697	0.0657	0.1863	0.1206	0.0929	0.5242	0.4313	0.0821
0.0945	0.2145	0.12	0.0702	0.1592	0.089	0.0702	0.1204	0.0502	0.08	0.6122	0.5322	0.0697	0.3822	0.3125	0.0713	0.1843	0.113	0.085	0.1173	0.0323	0.0781	0.1568	0.0787	0.0742	0.2083	0.1341	0.0837	0.6248	0.5411	0.0813
0.1175	0.2203	0.1028	0.0644	0.1077	0.0433	0.0628	0.1388	0.076	0.0686	0.8856	0.817	0.0726	0.4516	0.379	0.0755	0.1703	0.0948	0.0779	0.1284	0.0505	0.0512	0.0837	0.0325	0.0686	0.2457	0.1771	0.0795	0.5517	0.4722	0.0842
0.0956	0.1789	0.0833	0.0626	0.1223	0.0597	0.056	0.1075	0.0515	0.0744	0.8652	0.7908	0.0705	0.5453	0.4748	0.0771	0.1489	0.0718	0.0747	0.1059	0.0312	0.0657	0.0908	0.0251	0.0747	0.1779	0.1032	0.0681	0.5818	0.5137	0.0755
0.0972	0.176	0.0788	0.0652	0.1114	0.0462	0.0607	0.1241	0.0634	0.0684	0.6373	0.5689	0.07	0.6076	0.5376	0.0718	0.2453	0.1735	0.0855	0.1117	0.0262	0.07	0.1862	0.1162	0.0692	0.1835	0.1143	0.0921	0.4942	0.4021	0.0826
0.1185	0.1657	0.0472	0.0647	0.1521	0.0874	0.0473	0.0914	0.0441	0.0679	0.6751	0.6072	0.0721	0.3981	0.326	0.0871	0.1724	0.0853	0.0723	0.0935	0.0212	0.0694	0.1183	0.0489	0.0715	0.1802	0.1087	0.0874	0.6375	0.5501	0.0615
0.0993	0.147	0.0477	0.0652	0.1484	0.0832	0.0541	0.1072	0.0531	0.061	0.7001	0.6391	0.0665	0.3497	0.2832	0.0806	0.154	0.0734	0.0879	0.1046	0.0167	0.0628	0.1135	0.0507	0.071	0.176	0.105	0.0942	0.6058	0.5116	0.0797
0.1193	0.158	0.0387	0.0615	0.1592	0.0977	0.0576	0.0772	0.0196	0.08	0.5835	0.5035	0.0626	0.3388	0.2762	0.0729	0.1405	0.0676	0.0869	0.0997	0.0128	0.0692	0.1067	0.0375	0.0697	0.1734	0.1037	0.0869	0.5272	0.4403	0.0029
0.1064	0.1937	0.0873	0.0721	0.1083	0.0362	0.062	0.1256	0.0636	0.0768	0.575	0.4982	0.0731	0.3165	0.2434	0.0792	0.1294	0.0502	0.0795	0.1134	0.0339	0.0679	0.0817	0.0138	0.0729	0.1666	0.0937	0.0892	0.5066	0.4174	0.0898
0.0921	0.1364	0.0443	0.0628	0.1362	0.0734	0.0573	0.0916	0.0343	0.0705	0.9323	0.8618	0.0737	0.3392	0.2655	0.0866	0.1669	0.0803	0.0911	0.1102	0.0191	0.0744	0.1146	0.0402	0.0676	0.1755	0.1079	0.0953	0.5227	0.4274	0.0932
0.1019	0.1594	0.0575	0.0657	0.1475	0.0818	0.0657	0.1074	0.0417	0.0686	0.6737	0.6051	0.071	0.3442	0.2732	0.09	0.142	0.052	0.0863	0.1128	0.0265	0.0642	0.1036	0.0394	0.0718	0.1871	0.1153	0.0956	0.6565	0.5609	0.0998
0.1256	0.344	0.2184	0.071	0.1185	0.0475	0.0631	0.1386	0.0755	0.0655	0.8645	0.799	0.0647	0.4213	0.3566	0.0724	0.1711	0.0987	0.0805	0.1133	0.0328	0.0781	0.1275	0.0494	0.0581	0.1695	0.1114	0.0979	0.5889	0.491	0.099
0.1132	0.1741	0.0609	0.0652	0.1473	0.0821	0.0578	0.0927	0.0349	0.0639	0.6745	0.6106	0.0642	0.3392	0.275	0.0842	0.1228	0.0386	0.089	0.121	0.032	0.0739	0.0961	0.0222	0.0755	0.1892	0.1137	0.0987	0.5738	0.4751	0.0964
0.1293	0.1944	0.0651	0.071	0.1454	0.0744	0.0605	0.1014	0.0409	0.0752	1.3017	1.2265	0.0829	0.4873	0.4044	0.0819	0.1561	0.0742	0.071	0.0999	0.0289	0.0628	0.0951	0.0323	0.0715	0.1636	0.0921	0.1037	0.5377	0.434	0.1019
0.0845	0.1662	0.0817	0.0708	0.1526	0.0818	0.0676	0.1191	0.0515	0.0847	0.6074	0.5227	0.08	0.3081	0.2281	0.079	0.1302	0.0512	0.0882	0.1218	0.0336	0.0744	0.1096	0.0352	0.0797	0.1937	0.114	0.1088	0.7679	0.6591	0.0816
0.1103	0.1469	0.0366	0.0634	0.1658	0.1024	0.052	0.0903	0.0383	0.0837	0.5867	0.503	0.065	0.3194	0.2544	0.0777	0.1397	0.062	0.0842	0.1033	0.0191	0.0797	0.1267	0.047	0.0774	0.1935	0.1161	0.0898	0.5386	0.4488	0.0869
0.1275	0.1765	0.049	0.065	0.1542	0.0892	0.0634	0.1125	0.0491	0.0816	0.6294	0.5478	0.0681	0.3294	0.2613	0.0822	0.1424	0.0602	0.08	0.1287	0.0487	0.0747	0.1289	0.0542	0.0752	0.1773	0.1021	0.0924	0.5045	0.4121	0.0694
0.0971	0.1654	0.0683	0.0708	0.1394	0.0686	0.0594	0.1156	0.0562	0.075	0.6233	0.5483	0.0647	0.3493	0.2846	0.07	0.1368	0.0668	0.08	0.0967	0.0167	0.0882	0.1086	0.0204	0.0816	0.1819	0.1003	0.0892	0.5182	0.429	0.0876
0.0969	0.4082	0.3113	0.0726	0.1357	0.0631	0.0647	0.1244	0.0597	0.0642	0.5767	0.5125	0.075	0.3279	0.2529	0.0713	0.1323	0.061	0.0853	0.1055	0.0202	0.0668	0.0919	0.0251	0.0766	0.1713	0.0947	0.0903	0.8998	0.8095	0.1227
0.1035	0.1921	0.0886	0.0689	0.1317	0.0628	0.0803	0.1455	0.0652	0.0676	0.7933	0.7257	0.0715	0.4508	0.3793	0.0914	0.1413	0.0499	0.0776	0.1231	0.0455	0.0631	0.0845	0.0214	0.0742	0.1893	0.1151	0.1016	0.5514	0.4498	0.0942
0.0985	0.128	0.0295	0.066	0.1766	0.1106	0.0631	0.1233	0.0602	0.0726	0.5539	0.4813	0.0681	0.3026	0.2345	0.0742	0.1299	0.0557	0.0776	0.1191	0.0415	0.0652	0.0845	0.0193	0.0808	0.1763	0.0955	0.0985	0.5393	0.4408	0.1035
0.0953	0.1332	0.0379	0.0684	0.1442	0.0758	0.0615	0.103	0.0415	0.0816	0.5706	0.489	0.0705	0.355	0.2845	0.075	0.1315	0.0565	0.0795	0.0933	0.0138	0.0715	0.1125	0.041	0.0845	0.1703	0.0858	0.1064	0.5533	0.4469	0.0953
0.0871	0.195	0.1079	0.0663	0.1059	0.0396	0.0525	0.1309	0.0784	0.0742	0.6099	0.5357	0.0744	0.303	0.2286	0.0668	0.1209	0.0541	0.0898	0.0949	0.0051	0.065	0.1025	0.0375	0.0758	0.1679	0.0921	0.0956	0.6507	0.5551	0.0876
0.0948	0.1633	0.0685	0.0668	0.141	0.0742	0.0618	0.1159	0.0541	0.0715	0.5528	0.4813	0.0705	0.3374	0.2669	0.0732	0.1197	0.0465	0.0866	0.1031	0.0165	0.0737	0.0967	0.023	0.0766	0.1684	0.0918	0.0953	0.5916	0.4963	0.1011
0.0784	0.1757	0.0973	0.0634	0.131	0.0676	0.0576	0.1231	0.0655	0.0758	0.7078	0.632	0.0686	0.4142	0.3456	0.0713	0.1204	0.0491	0.0771	0.1131	0.036	0.0623	0.0803	0.018	0.0758	0.1821	0.1063	0.0882	0.8819	0.7937	0.1053
0.1243	0.4823	0.358	0.0686	0.1473	0.0787	0.0665	0.1204	0.0539	0.0747	0.5478	0.4731	0.0665	0.3073	0.2408	0.0774	0.126	0.0486	0.1024	0.136	0.0336	0.0742	0.117	0.0428	0.0739	0.1913	0.1174	0.0916	0.7275	0.6359	0.0787
0.1241	0.1926	0.0685	0.0705	0.1312	0.0607	0.0626	0.1318	0.0692	0.0805	0.6378	0.5573	0.0681	0.482	0.4139	0.075	0.1756	0.1006	0.0781	0.1233	0.0452	0.0679	0.1068	0.0389	0.0816	0.2162	0.1346	0.0905	0.6358	0.5453	0.0971
0.0979	0.1416	0.0437	0.0813	0.1307	0.0494	0.0578	0.1375	0.0797	0.0934	0.6526	0.5592	0.0758	0.3271	0.2513	0.0745	0.1371	0.0626	0.0966	0.1207	0.0241	0.0676	0.0914	0.0238	0.0892	0.185	0.0958	0.1088	0.5692	0.4604	0.1106
0.0998	0.1961	0.0963	0.0686	0.1109	0.0423	0.0816	0.1276	0.046	0.0824	0.5371	0.4547	0.0729	0.2865	0.2136	0.0822	0.1366	0.0544	0.1024	0.1083	0.0059	0.0771	0.1025	0.0254	0.0813	0.1935	0.1122	0.0979	0.5767	0.4788	0.0911
0.1457	0.1427	-0.003	0.071	0.1465	0.0755	0.0671	0.107	0.0399	0.0961	0.6291	0.533	0.0665	0.3147	0.2482	0.0752	0.1256	0.0504	0.0863	0.1001	0.0138	0.0686	0.0943	0.0257	0.0813	0.1763	0.095	0.0927	0.513	0.4203	0.0966
0.1262	0.3726	0.2464	0.09	0.1819	0.0919	0.065	0.1263	0.0613	0.0673	0.6521	0.5848	0.0737	0.3408	0.2671	0.0776	0.1217	0.0441	0.0961	0.1229	0.0268	0.0663	0.088	0.0217	0.0729	0.2017	0.1288	0.0948	0.5399	0.4451	0.0982
0.1045	0.158	0.0535	0.0676	0.1442	0.0766	0.0665	0.1222	0.0557	0.0686	0.6299	0.5613	0.0689	0.3657	0.2968	0.0789	0.1721	0.0932	0.0681	0.1104	0.0423	0.0544	0.0843	0.0299	0.07	0.1887	0.1187	0.0874	0.5971	0.5097	0.0927
0.0911	0.1449	0.0538	0.066	0.1312	0.0652	0.0665	0.1117	0.0452	0.0692	0.8796	0.8104	0.071	0.4165	0.3455	0.0739	0.1431	0.0692	0.07	0.1084	0.0384	0.0512	0.0732	0.022	0.0758	0.169	0.0932	0.0956	0.5354	0.4398	0.0956
0.1053	0.1422	0.0369	0.0663	0.1502	0.0839	0.0702	0.1243	0.0541	0.0784	0.8402	0.7618	0.0697	0.553	0.4833	0.0692	0.1355	0.0663	0.0797	0.1144	0.0347	0.0547	0.0814	0.0267	0.0797	0.1692	0.0895	0.0995	0.5295	0.43	0.0956
0.1014	0.1546	0.0532	0.0652	0.1344	0.0692	0.0655	0.1054	0.0399	0.0673	1.1141	1.0468	0.0697	0.6781	0.6084	0.0748	0.1445	0.0697	0.0758	0.1092	0.0334	0.0634	0.088	0.0246	0.0734	0.1652	0.0918	0.0898	0.5143	0.4245	0.108
0.1367	0.2673	0.1306	0.0676	0.1405	0.0729	0.0657	0.1217	0.056	0.0686	0.8903	0.8217	0.0668	0.3704	0.3036	0.0818	0.138	0.0562	0.0821	0.1089	0.0268	0.0597	0.0827	0.023	0.0771	0.1621	0.085	0.0995	0.4981	0.3986	0.0987
0.1296	0.1718	0.0422	0.0755	0.1507	0.0752	0.0636	0.1222	0.0586	0.0673	0.5573	0.49	0.0694	0.3229	0.2535	0.0805	0.1433	0.0628	0.0837	0.1292	0.0455	0.0642	0.0822	0.018	0.0795	0.1758	0.0963	0.0911	0.5784	0.4873	0.0958
0.0971	0.168	0.0709	0.066	0.1212	0.0552	0.0597	0.1244	0.0647	0.07	0.645	0.575	0.076	0.3373	0.2613	0.0811	0.1326	0.0515	0.0927	0.1131	0.0204	0.0578	0.0938	0.036	0.0845	0.1737	0.0892	0.1088	0.5932	0.4844	0.0961
0.0969	0.2056	0.1087	0.065	0.1294	0.0644	0.0618	0.118	0.0562	0.0673	0.5972	0.5299	0.0655	0.4686	0.4031	0.0816	0.1334	0.0518	0.0763	0.0999	0.0236	0.0639	0.0901	0.0262	0.0763	0.1692	0.0929	0.1006	0.5182	0.4176	0.1085
0.1365	0.151	0.0145	0.0668	0.1505	0.0837	0.0681	0.0974	0.0293	0.0647	0.7102	0.6455	0.0766	0.4559	0.3793	0.0756	0.1295	0.0539	0.0866	0.0933	0.0067	0.0694	0.1093	0.0399	0.0898	0.1861	0.0963	0.0956	0.561	0.4654	0.1148
0.1241	0.176	0.0519	0.0665	0.1388	0.0723	0.0644	0.1061	0.0417	0.0832	0.6023	0.5191	0.0774	0.3498	0.2724	0.079	0.121	0.042	0.0966	0.1075	0.0109	0.0652	0.1085	0.0433	0.0821	0.1708	0.0887	0.099	0.7921	0.6931	0.0977
0.1037	0.173	0.0693	0.0755	0.1494	0.0739	0.0665	0.1056	0.0391	0.0721	0.6094	0.5373	0.071	0.2951	0.2241	0.0724	0.1337	0.0613	0.0905	0.1209	0.0304	0.0692	0.0899	0.0207	0.0784	0.1631	0.0847	0.0953	0.6871	0.5918	0.0998
0.1628	0.2284	0.0656	0.0723	0.138	0.0657	0.089	0.1239	0.0349	0.0771	0.6669	0.5898	0.0668	0.365	0.2982	0.0961	0.2022	0.1061	0.089	0.1105	0.0215	0.0739	0.136	0.0621	0.0776	0.1863	0.1087	0.0956	0.6602	0.5646	0.1037
0.1425	0.1514	0.0089	0.0755	0.1492	0.0737	0.0792	0.1101	0.0309	0.1056	0.5523	0.4467	0.0768	0.8371	0.7603	0.0795	0.2474	0.1679	0.0953	0.1112	0.0159	0.0697	0.1447	0.075	0.0718	0.5964	0.5246	0.1006	0.3493	0.2487	0.0961
0.128	0.1625	0.0345	0.076	0.1111	0.0351	0.0861	0.1561	0.07	0.0892	0.5338	0.4446	0.0776	1.4793	1.4017	0.1193	0.4052	0.2859	0.1059	0.1337	0.0278	0.0726	0.1716	0.099	0.0818	0.2813	0.1995	0.1	0.6073	0.5073	0.0739
0.1491	0.206	0.0569	0.065	0.1255	0.0605	0.0916	0.1449	0.0533	0.1072	0.5898	0.4826	0.0663	0.35	0.2837	0.0877	0.202	0.1143	0.099	0.1017	0.0027	0.076	0.1531	0.0771	0.0792	0.1753	0.0961	0.0903	0.5512	0.4609	0.1016
0.1745	0.2565	0.082	0.0789	0.1409	0.062	0.0692	0.1257	0.0565	0.0863	0.5267	0.4404	0.0744	0.3505	0.2761	0.0803	0.1558	0.0755	0.0974	0.1139	0.0165	0.062	0.1489	0.0869	0.076	0.1852	0.1092	0.0961	0.5026	0.4065	0.0829
0.1402	0.1818	0.0416	0.0779	0.1439	0.066	0.0689	0.1312	0.0623	0.0821	0.5288	0.4467	0.0723	0.374	0.3017	0.0895	0.1719	0.0824	0.0979	0.1149	0.017	0.0731	0.1449	0.0718	0.0771	0.2043	0.1272	0.09	0.5084	0.4184	0.1064
0.1446	0.1949	0.0503	0.0768	0.1713	0.0945	0.0679	0.121	0.0531	0.0821	0.5362	0.4541	0.0729	0.3865	0.3136	0.0871	0.17	0.0829	0.0927	0.0989	0.0062	0.0694	0.1441	0.0747	0.0774	0.1742	0.0968	0.0934	0.4902	0.3968	0.0784
0.1217	0.2021	0.0804	0.0787	0.1357	0.057	0.0721	0.1318	0.0597	0.0795	0.7094	0.6299	0.0768	0.4286	0.3518	0.0747	0.1814	0.1067	0.0795	0.1026	0.0231	0.0628	0.1149	0.0521	0.0824	0.1935	0.1111	0.0895	0.4786	0.3891	0.0908
0.1072	0.1586	0.0514	0.0689	0.1214	0.0525	0.0573	0.1294	0.0721	0.08	0.4692	0.3892	0.075	0.3981	0.3231	0.0795	0.1634	0.0839	0.0713	0.0986	0.0273	0.0713	0.1051	0.0338	0.0781	0.1731	0.095	0.0871	0.5005	0.4134	0.0964
0.1119	0.1477	0.0358	0.0821	0.18	0.0979	0.0684	0.127	0.0586	0.0708	0.5935	0.5227	0.0737	0.4794	0.4057	0.0827	0.2076	0.1249	0.0845	0.1033	0.0188	0.0718	0.1347	0.0629	0.0721	0.1626	0.0905	0.1032	0.5219	0.4187	0.095
0.1051	0.1531	0.048	0.0774	0.1397	0.0623	0.0663	0.1022	0.0359	0.08	0.7933	0.7133	0.0737	0.3453	0.2716	0.0924	0.1497	0.0573	0.0797	0.1094	0.0297	0.0647	0.1001	0.0354	0.0781	0.1689	0.0908	0.0908	0.5208	0.43	0.0573
0.1254	0.1348	0.0094	0.0708	0.1423	0.0715	0.0697	0.0945	0.0248	0.0803	0.6571	0.5768	0.0779	0.3432	0.2653	0.0837	0.1603	0.0766	0.0692	0.0901	0.0209	0.0715	0.1288	0.0573	0.075	0.161	0.086	0.0874	0.4604	0.373	0.0839
0.1088	0.1465	0.0377	0.0768	0.1613	0.0845	0.061	0.1077	0.0467	0.0734	0.5555	0.4821	0.0729	1.4945	1.4216	0.1045	0.287	0.1825	0.0784	0.131	0.0526	0.0494	0.0967	0.0473	0.071	0.1612	0.0902	0.0869	0.519	0.4321	0.0752
0.1114	0.1602	0.0488	0.0708	0.1292	0.0584	0.0594	0.1109	0.0515	0.0729	0.4996	0.4267	0.0737	0.3651	0.2914	0.0895	0.1431	0.0536	0.0829	0.1313	0.0484	0.0562	0.0776	0.0214	0.0834	0.1684	0.085	0.0942	0.463	0.3688	0.0903
0.1446	0.162	0.0174	0.0715	0.1346	0.0631	0.0771	0.1067	0.0296	0.0776	0.5494	0.4718	0.0718	0.3145	0.2427	0.0832	0.1553	0.0721	0.0839	0.1004	0.0165	0.0718	0.093	0.0212	0.0858	0.1631	0.0773	0.0961	0.4454	0.3493	0.0985
0.1359	0.143	0.0071	0.0686	0.1391	0.0705	0.0657	0.0966	0.0309	0.0808	0.4864	0.4056	0.0697	0.3622	0.2925	0.0835	0.1672	0.0837	0.0694	0.0972	0.0278	0.0628	0.0935	0.0307	0.0821	0.1528	0.0707	0.0985	0.4792	0.3807	0.085
0.0982	0.2699	0.1717	0.0747	0.1943	0.1196	0.0686	0.1198	0.0512	0.0673	0.5167	0.4494	0.071	0.3334	0.2624	0.0737	0.1632	0.0895	0.0586	0.0985	0.0399	0.0692	0.0972	0.028	0.0763	0.1774	0.1011	0.089	0.5238	0.4348	0.0913
0.1119	0.1665	0.0546	0.0729	0.1336	0.0607	0.0623	0.1307	0.0684	0.0882	0.4384	0.3502	0.0692	0.3163	0.2471	0.0787	0.1476	0.0689	0.0792	0.0806	0.0014	0.0737	0.121	0.0473	0.0882	0.1843	0.0961	0.1032	0.6707	0.5675	0.0818
0.0953	0.1459	0.0506	0.071	0.1299	0.0589	0.0639	0.1159	0.052	0.0657	0.6367	0.571	0.0795	0.3622	0.2827	0.0832	0.1479	0.0647	0.0692	0.1073	0.0381	0.0758	0.106	0.0302	0.0858	0.185	0.0992	0.0919	0.4465	0.3546	0.0956
0.119	0.2926	0.1736	0.075	0.1423	0.0673	0.0628	0.1175	0.0547	0.0789	0.5077	0.4288	0.0781	0.3574	0.2793	0.0795	0.1579	0.0784	0.0652	0.1017	0.0365	0.0565	0.1107	0.0542	0.0747	0.1977	0.123	0.0882	0.504	0.4158	0.0837
0.1093	0.1404	0.0311	0.07	0.1228	0.0528	0.0623	0.103	0.0407	0.0874	0.7492	0.6618	0.0708	0.2894	0.2186	0.0834	0.1447	0.0613	0.0771	0.1149	0.0378	0.065	0.0954	0.0304	0.0663	0.1412	0.0749	0.0905	0.5044	0.4139	0.0776
0.1161	0.1448	0.0287	0.0723	0.1423	0.07	0.0613	0.1115	0.0502	0.0734	0.8526	0.7792	0.0697	0.3239	0.2542	0.0874	0.155	0.0676	0.0713	0.0941	0.0228	0.0665	0.1106	0.0441	0.0779	0.1697	0.0918	0.0948	0.5689	0.4741	0.0866
0.1045	0.2353	0.1308	0.0752	0.1114	0.0362	0.0737	0.1558	0.0821	0.0787	0.56	0.4813	0.0763	0.3287	0.2524	0.095	0.2827	0.1877	0.0855	0.1297	0.0442	0.0671	0.1672	0.1001	0.0847	0.1773	0.0926	0.0863	0.4992	0.4129	0.0953
0.1375	0.1794	0.0419	0.0742	0.1302	0.056	0.066	0.1236	0.0576	0.0913	0.5552	0.4639	0.0942	0.3949	0.3007	0.1066	0.2431	0.1365	0.0792	0.1424	0.0632	0.0615	0.1109	0.0494	0.0713	0.1763	0.105	0.0911	0.4842	0.3931	0.0895
0.1238	0.2876	0.1638	0.0858	0.1668	0.081	0.0692	0.1373	0.0681	0.0789	0.4626	0.3837	0.0789	0.5392	0.4603	0.0874	0.2949	0.2075	0.089	0.1134	0.0244	0.0507	0.117	0.0663	0.0871	0.1605	0.0734	0.0908	0.4852	0.3944	0.0985
0.1201	0.2354	0.1153	0.0671	0.4878	0.4207	0.0689	0.1489	0.08	0.0766	0.6044	0.5278	0.0734	0.353	0.2796	0.0792	0.2007	0.1215	0.0713	0.0867	0.0154	0.0705	0.1291	0.0586	0.0847	0.1557	0.071	0.0913	0.5783	0.487	0.056
0.1233	0.138	0.0147	0.085	0.1397	0.0547	0.0594	0.0922	0.0328	0.0795	1.2907	1.2112	0.0734	0.9036	0.8302	0.1122	0.3355	0.2233	0.0818	0.1468	0.065	0.0792	0.1503	0.0711	0.0671	0.1515	0.0844	0.0927	0.5544	0.4617	0.0913
0.1135	0.2108	0.0973	0.07	0.1334	0.0634	0.0634	0.1154	0.052	0.0697	0.6637	0.594	0.0697	0.4282	0.3585	0.0948	0.1695	0.0747	0.0763	0.1091	0.0328	0.0565	0.0824	0.0259	0.0752	0.1483	0.0731	0.0929	0.7103	0.6174	0.0818
0.1135	0.3319	0.2184	0.0779	0.1434	0.0655	0.0584	0.1252	0.0668	0.0702	0.5098	0.4396	0.0708	0.3052	0.2344	0.0578	0.1592	0.1014	0.066	0.1133	0.0473	0.0721	0.1036	0.0315	0.0713	0.1871	0.1158	0.0766	0.5525	0.4759	0.085
0.0871	0.1443	0.0572	0.0665	0.138	0.0715	0.0597	0.0798	0.0201	0.075	0.6131	0.5381	0.0747	0.3484	0.2737	0.0642	0.1637	0.0995	0.0697	0.1091	0.0394	0.0549	0.0887	0.0338	0.0797	0.1689	0.0892	0.0816	0.4984	0.4168	0.0898
0.0858	0.1565	0.0707	0.0684	0.1323	0.0639	0.0586	0.1009	0.0423	0.0779	0.4803	0.4024	0.0887	0.3234	0.2347	0.0903	0.1502	0.0599	0.0655	0.0928	0.0273	0.0578	0.079	0.0212	0.081	0.1538	0.0728	0.0829	0.519	0.4361	0.0869
0.1032	0.295	0.1918	0.0731	0.1278	0.0547	0.065	0.1244	0.0594	0.0671	0.535	0.4679	0.07	0.3314	0.2614	0.0765	0.1589	0.0824	0.0792	0.093	0.0138	0.0589	0.102	0.0431	0.0781	0.1578	0.0797	0.0892	0.4936	0.4044	0.0853
0.1014	0.1496	0.0482	0.0671	0.1255	0.0584	0.0628	0.113	0.0502	0.0663	0.5262	0.4599	0.0839	0.3553	0.2714	0.0761	0.1595	0.0834	0.0676	0.13	0.0624	0.0668	0.0999	0.0331	0.0713	0.1787	0.1074	0.0866	0.4974	0.4108	0.0934
0.0998	0.1897	0.0899	0.0766	0.1909	0.1143	0.0581	0.122	0.0639	0.0723	0.6827	0.6104	0.0723	1.0318	0.9595	0.078	0.1514	0.0734	0.07	0.0954	0.0254	0.0673	0.0816	0.0143	0.081	0.1665	0.0855	0.0797	0.5715	0.4918	0.094
0.0855	0.162	0.0765	0.0644	0.1196	0.0552	0.0586	0.1344	0.0758	0.1225	1.0709	0.9484	0.0752	0.4461	0.3709	0.0753	0.1582	0.0829	0.0766	0.1155	0.0389	0.042	0.0669	0.0249	0.0808	0.155	0.0742	0.0964	0.5417	0.4453	0.0742
0.1	0.1788	0.0788	0.0839	0.151	0.0671	0.0594	0.118	0.0586	0.0726	0.8959	0.8233	0.0787	0.7936	0.7149	0.0842	0.2006	0.1164	0.0913	0.1431	0.0518	0.0657	0.0966	0.0309	0.0726	0.1731	0.1005	0.0945	0.6636	0.5691	0.0855
0.1225	0.2053	0.0828	0.0747	0.1236	0.0489	0.0639	0.136	0.0721	0.0824	0.5888	0.5064	0.0766	0.4222	0.3456	0.0792	0.2207	0.1415	0.0781	0.1225	0.0444	0.0515	0.1133	0.0618	0.0766	0.1597	0.0831	0.0927	0.6465	0.5538	0.0536
0.1074	0.1984	0.091	0.0652	0.1265	0.0613	0.0555	0.1202	0.0647	0.0818	0.5312	0.4494	0.0853	1.4943	1.409	0.09	0.3695	0.2795	0.0821	0.1743	0.0922	0.0605	0.1139	0.0534	0.0705	0.1449	0.0744	0.0969	0.6148	0.5179	0.1056
0.1053	0.1628	0.0575	0.0681	0.117	0.0489	0.065	0.1703	0.1053	0.0267	1.3638	1.3371	0.0829	0.4318	0.3489	0.1011	0.2347	0.1336	0.0832	0.1184	0.0352	0.0626	0.0822	0.0196	0.0734	0.1486	0.0752	0.0987	0.7433	0.6446	0.09
0.1254	0.1873	0.0619	0.0747	0.1404	0.0657	0.07	0.1252	0.0552	0.0887	0.4687	0.38	0.0832	0.7662	0.683	0.1288	0.4376	0.3088	0.0853	0.1337	0.0484	0.0789	0.1077	0.0288	0.0779	0.1587	0.0808	0.0961	0.5876	0.4915	0.0934
0.119	0.1778	0.0588	0.0702	0.1283	0.0581	0.0731	0.1082	0.0351	0.08	0.5291	0.4491	0.0776	0.4722	0.3946	0.0969	0.2556	0.1587	0.0958	0.1703	0.0745	0.0565	0.108	0.0515	0.0673	0.1668	0.0995	0.0887	0.5232	0.4345	0.0781
0.1109	0.1845	0.0736	0.0723	0.1288	0.0565	0.0573	0.1151	0.0578	0.0787	0.4853	0.4066	0.0774	0.6303	0.5529	0.1238	0.2888	0.165	0.0871	0.1426	0.0555	0.0752	0.099	0.0238	0.0681	0.1483	0.0802	0.0898	0.5763	0.4865	0.0673
0.1037	0.1664	0.0627	0.0681	0.1352	0.0671	0.0692	0.1067	0.0375	0.0755	0.5352	0.4597	0.0853	0.4726	0.3873	0.1373	0.2954	0.1581	0.0942	0.1112	0.017	0.0689	0.1181	0.0492	0.0768	0.1607	0.0839	0.0958	0.5604	0.4646	0.0797
0.104	0.1427	0.0387	0.0803	0.1621	0.0818	0.0589	0.1072	0.0483	0.0702	0.6032	0.533	0.0758	0.4158	0.34	0.084	0.1555	0.0715	0.0758	0.1073	0.0315	0.0457	0.0766	0.0309	0.0842	0.1639	0.0797	0.0985	0.7388	0.6403	0.0913
0.0995	0.2596	0.1601	0.0776	0.1114	0.0338	0.0594	0.1373	0.0779	0.0787	0.5022	0.4235	0.0734	1.2669	1.1935	0.1396	0.5708	0.4312	0.0644	0.1336	0.0692	0.07	0.1527	0.0827	0.0744	0.1615	0.0871	0.0869	0.6103	0.5234	0.0816
0.1325	0.1377	0.0052	0.0713	0.1735	0.1022	0.0277	0.0903	0.0626	0.0734	0.6584	0.585	0.0787	0.4789	0.4002	0.1106	0.2542	0.1436	0.0903	0.097	0.0067	0.0634	0.1271	0.0637	0.0898	0.1782	0.0884	0.0977	0.5639	0.4662	0.0993
0.1156	0.1322	0.0166	0.075	0.1228	0.0478	0.0639	0.117	0.0531	0.0737	0.5292	0.4555	0.0755	0.3825	0.307	0.0824	0.1415	0.0591	0.0876	0.1241	0.0365	0.057	0.0705	0.0135	0.0853	0.1613	0.076	0.0927	0.57	0.4773	0.0953
0.1217	0.2491	0.1274	0.0781	0.1248	0.0467	0.0713	0.127	0.0557	0.0739	0.5167	0.4428	0.0729	0.35	0.2771	0.0692	0.1357	0.0665	0.071	0.0964	0.0254	0.0599	0.0774	0.0175	0.094	0.1668	0.0728	0.0829	0.6961	0.6132	0.0832
0.128	0.1778	0.0498	0.0739	0.1367	0.0628	0.0533	0.1051	0.0518	0.0781	0.9959	0.9178	0.0737	0.5889	0.5152	0.0816	0.1611	0.0795	0.0824	0.0811	-0.0013	0.0605	0.0867	0.0262	0.0845	0.1579	0.0734	0.0866	0.515	0.4284	0.085
0.1124	0.1754	0.063	0.0718	0.1175	0.0457	0.0581	0.1151	0.057	0.113	1.1574	1.0444	0.0845	0.5332	0.4487	0.0932	0.1764	0.0832	0.0731	0.0758	0.0027	0.0689	0.1041	0.0352	0.0803	0.1508	0.0705	0.0913	0.7612	0.6699	0.0781
0.1468	0.1486	0.0018	0.07	0.1244	0.0544	0.0663	0.1426	0.0763	0.0924	0.5188	0.4264	0.0673	1.4581	1.3908	0.1351	0.669	0.5339	0.0892	0.145	0.0558	0.0657	0.1418	0.0761	0.0586	0.3222	0.2636	0.08	0.5741	0.4941	0.081
0.1383	0.1535	0.0152	0.0708	0.1318	0.061	0.075	0.1426	0.0676	0.0924	0.507	0.4146	0.0792	0.416	0.3368	0.1351	0.3004	0.1653	0.1053	0.1326	0.0273	0.0705	0.1656	0.0951	0.0731	0.1689	0.0958	0.0908	0.5652	0.4744	0.0332
0.1336	0.1744	0.0408	0.0744	0.1491	0.0747	0.0729	0.1302	0.0573	0.0816	0.4882	0.4066	0.0694	0.4257	0.3563	0.0866	0.2031	0.1165	0.0834	0.1347	0.0513	0.051	0.078	0.027	0.0871	0.1792	0.0921	0.1019	0.5546	0.4527	0.0879
0.2428	0.2686	0.0258	0.0805	0.1621	0.0816	0.0702	0.1296	0.0594	0.0895	0.5571	0.4676	0.0684	0.6277	0.5593	0.161	0.3753	0.2143	0.0755	0.1598	0.0843	0.0644	0.1798	0.1154	0.0731	0.2821	0.209	0.0417	0.5559	0.5142	0.0834
0.1293	0.1894	0.0601	0.0795	0.1421	0.0626	0.0594	0.1381	0.0787	0.0861	0.5854	0.4993	0.0766	0.406	0.3294	0.1017	0.2004	0.0987	0.0921	0.1574	0.0653	0.0671	0.1128	0.0457	0.0639	0.1647	0.1008	0.0874	0.586	0.4986	0.0233
0.1267	0.7771	0.6504	0.0813	0.1325	0.0512	0.0861	0.1534	0.0673	0.089	0.592	0.503	0.0692	0.4017	0.3325	0.0876	0.1898	0.1022	0.0768	0.154	0.0772	0.0222	0.1041	0.0819	0.0686	0.1723	0.1037	0.1148	0.5728	0.458	0.0876
0.1132	0.1649	0.0517	0.0776	0.1415	0.0639	0.0752	0.1275	0.0523	0.0721	0.5223	0.4502	0.0742	0.3429	0.2687	0.0974	0.1877	0.0903	0.0898	0.1266	0.0368	0.0602	0.1072	0.047	0.0763	0.1665	0.0902	0.0876	0.9068	0.8192	0.1008
0.1127	0.1952	0.0825	0.0795	0.1233	0.0438	0.0692	0.1458	0.0766	0.0752	0.5103	0.4351	0.0726	0.3622	0.2896	0.0779	0.1772	0.0993	0.0929	0.1318	0.0389	0.0803	0.1397	0.0594	0.0747	0.1655	0.0908	0.0932	0.5794	0.4862	0.0337
0.1177	0.1261	0.0084	0.0702	0.1486	0.0784	0.0721	0.1186	0.0465	0.0832	0.5888	0.5056	0.0715	0.3645	0.293	0.0848	0.1608	0.076	0.0863	0.1458	0.0595	0.0533	0.1069	0.0536	0.0742	0.1922	0.118	0.0779	0.5478	0.4699	0.1037
0.0974	0.1889	0.0915	0.0752	0.1248	0.0496	0.0552	0.1476	0.0924	0.0908	0.5146	0.4238	0.0715	0.3616	0.2901	0.0911	0.2088	0.1177	0.0774	0.1057	0.0283	0.0644	0.1109	0.0465	0.0747	0.1705	0.0958	0.0863	0.9232	0.8369	0.1259
0.1111	0.2599	0.1488	0.0729	0.1175	0.0446	0.0718	0.1542	0.0824	0.0842	0.6215	0.5373	0.0855	0.3775	0.292	0.1003	0.2545	0.1542	0.094	0.1099	0.0159	0.0644	0.1373	0.0729	0.0863	0.1831	0.0968	0.0948	0.5433	0.4485	0.1148
0.1074	0.1614	0.054	0.0702	0.1238	0.0536	0.0679	0.1458	0.0779	0.0919	0.4798	0.3879	0.0721	0.3564	0.2843	0.0869	0.2567	0.1698	0.0916	0.1421	0.0505	0.0787	0.1384	0.0597	0.0713	0.1663	0.095	0.0895	0.6269	0.5374	0.037
0.1029	0.1878	0.0849	0.08	0.1515	0.0715	0.0739	0.1402	0.0663	0.0676	0.5518	0.4842	0.0734	1.0089	0.9355	0.1043	0.5862	0.4819	0.0829	0.1506	0.0677	0.0639	0.1149	0.051	0.0758	0.1697	0.0939	0.0969	0.5343	0.4374	0.0945
0.0911	0.1599	0.0688	0.0694	0.127	0.0576	0.0723	0.1539	0.0816	0.0839	0.471	0.3871	0.0776	0.3946	0.317	0.0909	0.1994	0.1085	0.0879	0.1321	0.0442	0.0599	0.0964	0.0365	0.0781	0.1826	0.1045	0.0913	0.5332	0.4419	0.0913
0.1101	0.1433	0.0332	0.0771	0.1479	0.0708	0.0708	0.1226	0.0518	0.0911	0.5313	0.4402	0.0721	0.439	0.3669	0.0929	0.2191	0.1262	0.0927	0.1348	0.0421	0.0663	0.1181	0.0518	0.085	0.18	0.095	0.0908	0.5752	0.4844	0.0064
0.0961	0.2066	0.1105	0.071	0.1217	0.0507	0.0676	0.1455	0.0779	0.0855	0.4871	0.4016	0.0723	0.3326	0.2603	0.0785	0.1667	0.0882	0.0855	0.1368	0.0513	0.065	0.0759	0.0109	0.0842	0.1679	0.0837	0.0998	0.4908	0.391	0.1037
0.0945	0.1675	0.073	0.0684	0.1225	0.0541	0.0797	0.1354	0.0557	0.0789	0.4766	0.3977	0.0734	0.3057	0.2323	0.0853	0.1663	0.081	0.0821	0.1292	0.0471	0.0779	0.1223	0.0444	0.0789	0.1689	0.09	0.0869	0.5238	0.4369	0.0982
0.0742	0.1211	0.0469	0.0721	0.16	0.0879	0.0586	0.1283	0.0697	0.0792	0.7057	0.6265	0.0884	0.3587	0.2703	0.107	0.164	0.057	0.0832	0.2216	0.1384	0.0695	0.0067	-0.0628	0.0615	0.7468	0.6853	0.0953	0.5515	0.4562	0.09
0.1193	0.1533	0.034	0.0752	0.1227	0.0475	0.0676	0.1484	0.0808	0.0985	0.4437	0.3452	0.0705	0.3582	0.2877	0.0869	0.2152	0.1283	0.0934	0.1357	0.0423	0.0808	0.1038	0.023	0.0776	0.1805	0.1029	0.0937	0.5034	0.4097	0.0979
0.1254	0.1932	0.0678	0.0768	0.1468	0.07	0.075	0.1283	0.0533	0.0808	0.4774	0.3966	0.0729	0.377	0.3041	0.0784	0.198	0.1196	0.0826	0.1101	0.0275	0.0642	0.1242	0.06	0.0768	0.1663	0.0895	0.0884	0.5525	0.4641	0.0905
0.1008	0.1437	0.0429	0.0726	0.1352	0.0626	0.0623	0.1225	0.0602	0.0723	0.5394	0.4671	0.0752	0.6814	0.6062	0.0816	0.2838	0.2022	0.0731	0.126	0.0529	0.0599	0.1091	0.0492	0.0766	0.1666	0.09	0.0932	1.0264	0.9332	0.0927
0.1114	0.1852	0.0738	0.0747	0.1317	0.057	0.07	0.1107	0.0407	0.0781	0.466	0.3879	0.0692	0.3126	0.2434	0.083	0.1622	0.0792	0.0792	0.1738	0.0946	0.0219	0.0505	0.0286	0.0787	0.1653	0.0866	0.0934	0.605	0.5116	0.0853
0.1051	0.1586	0.0535	0.0718	0.1531	0.0813	0.0636	0.1217	0.0581	0.0702	0.4763	0.4061	0.0726	0.3503	0.2777	0.0743	0.1677	0.0934	0.0768	0.1291	0.0523	0.0684	0.1059	0.0375	0.0824	0.1713	0.0889	0.094	0.5235	0.4295	0.1035
0.1135	0.1475	0.034	0.0721	0.1458	0.0737	0.0694	0.1175	0.0481	0.0837	0.5173	0.4336	0.0676	0.4999	0.4323	0.0818	0.2574	0.1756	0.0805	0.1331	0.0526	0.0589	0.1112	0.0523	0.0744	0.1612	0.0868	0.095	0.4686	0.3736	0.1074
0.113	0.1662	0.0532	0.0755	0.1278	0.0523	0.0684	0.1381	0.0697	0.0797	0.4629	0.3832	0.0692	0.3583	0.2891	0.0756	0.1638	0.0882	0.0818	0.1167	0.0349	0.0644	0.0972	0.0328	0.0792	0.1745	0.0953	0.0908	0.5158	0.425	0.1175
0.1127	0.1591	0.0464	0.0705	0.136	0.0655	0.065	0.1186	0.0536	0.0845	0.5075	0.423	0.0834	0.3579	0.2745	0.0813	0.1652	0.0839	0.0847	0.1355	0.0508	0.0663	0.1202	0.0539	0.09	0.195	0.105	0.095	0.4802	0.3852	0.0927
0.1016	0.1538	0.0522	0.0705	0.1447	0.0742	0.0597	0.1027	0.043	0.0797	0.4523	0.3726	0.0739	0.3501	0.2762	0.0758	0.165	0.0892	0.0853	0.0962	0.0109	0.0755	0.1331	0.0576	0.0816	0.1618	0.0802	0.0903	0.4834	0.3931	0.1064
0.1109	0.2048	0.0939	0.0763	0.1505	0.0742	0.0623	0.123	0.0607	0.0737	0.4724	0.3987	0.075	0.3398	0.2648	0.0756	0.1685	0.0929	0.0779	0.1192	0.0413	0.0795	0.0899	0.0104	0.0882	0.1716	0.0834	0.1024	0.4079	0.3055	0.0879
0.1059	0.1225	0.0166	0.0789	0.1336	0.0547	0.0655	0.1128	0.0473	0.0789	0.908	0.8291	0.0723	0.4769	0.4046	0.094	0.1716	0.0776	0.0681	0.1128	0.0447	0.0845	0.1054	0.0209	0.0766	0.156	0.0794	0.0855	0.5071	0.4216	0.0979
0.1336	0.2929	0.1593	0.0911	0.1526	0.0615	0.0916	0.1922	0.1006	0.0839	0.6534	0.5695	0.0805	0.3408	0.2603	0.0843	0.1566	0.0723	0.085	0.1476	0.0626	0.0715	0.0848	0.0133	0.0805	0.1671	0.0866	0.0961	0.5238	0.4277	0.1222
0.1022	0.1771	0.0749	0.0816	0.1539	0.0723	0.0876	0.1299	0.0423	0.0832	1.0904	1.0072	0.1109	0.5155	0.4046	0.0953	0.188	0.0927	0.0647	0.1036	0.0389	0.0744	0.1069	0.0325	0.0816	0.1629	0.0813	0.094	0.5338	0.4398	0.1051
0.1011	0.1657	0.0646	0.0737	0.1278	0.0541	0.0679	0.1178	0.0499	0.0729	0.5481	0.4752	0.0803	0.3361	0.2558	0.0821	0.1447	0.0626	0.0752	0.1384	0.0632	0.0726	0.0845	0.0119	0.0787	0.1703	0.0916	0.0945	0.3823	0.2878	0.0958
0.1135	0.2815	0.168	0.0713	0.2202	0.1489	0.062	0.1227	0.0607	0.1003	1.5866	1.4863	0.0816	0.7896	0.708	0.0758	0.2257	0.1499	0.0665	0.0779	0.0114	0.0744	0.1323	0.0579	0.0726	0.1768	0.1042	0.085	0.5789	0.4939	0.094
0.1	0.2456	0.1456	0.0813	0.1679	0.0866	0.0518	0.122	0.0702	0.0834	0.5571	0.4737	0.076	0.3165	0.2405	0.0843	0.158	0.0737	0.0779	0.1221	0.0442	0.0697	0.084	0.0143	0.0845	0.1758	0.0913	0.0953	0.519	0.4237	0.0958
0.108	0.1808	0.0728	0.0755	0.1486	0.0731	0.0737	0.1051	0.0314	0.0739	0.4895	0.4156	0.0686	0.3133	0.2447	0.0792	0.1399	0.0607	0.0774	0.1329	0.0555	0.0634	0.0796	0.0162	0.0866	0.1787	0.0921	0.0908	0.4567	0.3659	0.089
0.1056	0.167	0.0614	0.0723	0.1478	0.0755	0.0681	0.1098	0.0417	0.0958	0.7885	0.6927	0.0795	0.3865	0.307	0.094	0.2183	0.1243	0.0763	0.1115	0.0352	0.0626	0.097	0.0344	0.0803	0.1663	0.086	0.0934	0.4981	0.4047	0.0898
0.0974	0.1599	0.0625	0.0768	0.1188	0.042	0.0718	0.16	0.0882	0.0803	0.6835	0.6032	0.1159	0.5849	0.469	0.0813	0.1703	0.089	0.0697	0.0838	0.0141	0.0555	0.106	0.0505	0.0908	0.1647	0.0739	0.0895	0.4942	0.4047	0.0911
0.1066	0.2089	0.1023	0.0813	0.146	0.0647	0.0584	0.1178	0.0594	0.108	0.5542	0.4462	0.0842	0.3355	0.2513	0.0938	0.1704	0.0766	0.0787	0.0674	-0.0113	0.09	0.1888	0.0988	0.0813	0.1787	0.0974	0.0929	0.8253	0.7324	0.0927
0.1056	0.1515	0.0459	0.0869	0.2231	0.1362	0.0555	0.0988	0.0433	0.0702	0.6565	0.5863	0.0803	0.4171	0.3368	0.0832	0.192	0.1088	0.0708	0.115	0.0442	0.071	0.1149	0.0439	0.0726	0.1694	0.0968	0.0861	0.4974	0.4113	0.0763
0.0879	0.1124	0.0245	0.0795	0.1537	0.0742	0.061	0.1188	0.0578	0.0837	0.522	0.4383	0.0747	0.3324	0.2577	0.0809	0.1371	0.0562	0.0876	0.1273	0.0397	0.0737	0.0962	0.0225	0.0689	0.1528	0.0839	0.089	0.5042	0.4152	0.0948
0.0874	0.1409	0.0535	0.0758	0.1576	0.0818	0.0613	0.1117	0.0504	0.0837	0.4695	0.3858	0.0808	0.338	0.2572	0.0811	0.1418	0.0607	0.08	0.1178	0.0378	0.0863	0.0945	0.0082	0.0758	0.1703	0.0945	0.0898	0.5531	0.4633	0.0795
0.0993	0.1816	0.0823	0.0731	0.1523	0.0792	0.0581	0.0969	0.0388	0.0718	0.4407	0.3689	0.0766	0.3414	0.2648	0.0794	0.1736	0.0942	0.0584	0.0857	0.0273	0.076	0.1278	0.0518	0.0729	0.1653	0.0924	0.0842	0.4646	0.3804	0.089
0.0876	0.1443	0.0567	0.0652	0.141	0.0758	0.0586	0.1075	0.0489	0.0763	0.4745	0.3982	0.0758	0.3279	0.2521	0.0822	0.1598	0.0776	0.0758	0.1329	0.0571	0.0676	0.097	0.0294	0.0702	0.1765	0.1063	0.0834	0.5195	0.4361	0.0813
0.0964	0.1306	0.0342	0.0718	0.1175	0.0457	0.0681	0.1177	0.0496	0.0818	0.4855	0.4037	0.0803	0.32	0.2397	0.0713	0.1494	0.0781	0.0734	0.1279	0.0545	0.0671	0.074	0.0069	0.0684	0.155	0.0866	0.0845	0.4995	0.415	0.0721
0.0995	0.1578	0.0583	0.0671	0.1423	0.0752	0.0626	0.1033	0.0407	0.0813	0.5642	0.4829	0.0697	0.3656	0.2959	0.0795	0.1711	0.0916	0.0866	0.1105	0.0239	0.0752	0.1104	0.0352	0.0718	0.1676	0.0958	0.0866	0.5301	0.4435	0.0792
0.08	0.1459	0.0659	0.0626	0.1241	0.0615	0.0602	0.1125	0.0523	0.0697	0.612	0.5423	0.0697	0.81	0.7403	0.0948	0.2363	0.1415	0.0562	0.1112	0.055	0.0644	0.0734	0.009	0.0739	0.1647	0.0908	0.0766	0.5454	0.4688	0.085
0.0942	1.147	1.0528	0.0755	0.1964	0.1209	0.0607	0.1325	0.0718	0.0723	0.6745	0.6022	0.0694	0.3735	0.3041	0.0798	0.1458	0.066	0.0679	0.0999	0.032	0.0673	0.0922	0.0249	0.0718	0.1813	0.1095	0.0866	0.5562	0.4696	0.0752
0.099	0.2636	0.1646	0.0702	0.1156	0.0454	0.0512	0.132	0.0808	0.0686	0.8837	0.8151	0.0721	0.3918	0.3197	0.0705	0.5202	0.4497	0.066	0.1432	0.0772	0.0628	0.1056	0.0428	0.0652	0.1597	0.0945	0.0803	0.4985	0.4182	0.081
0.0787	0.0937	0.015	0.0705	0.132	0.0615	0.0565	0.1114	0.0549	0.0679	0.6471	0.5792	0.0663	0.4772	0.4109	0.0684	0.1563	0.0879	0.071	0.0864	0.0154	0.0647	0.1141	0.0494	0.0676	0.1597	0.0921	0.089	0.4955	0.4065	0.0945
0.0905	0.1311	0.0406	0.0742	0.1386	0.0644	0.0565	0.1093	0.0528	0.0744	0.5631	0.4887	0.0686	0.3465	0.2779	0.0784	0.1489	0.0705	0.0763	0.1197	0.0434	0.0671	0.0872	0.0201	0.0731	0.1578	0.0847	0.0903	0.4699	0.3796	0.0805
0.1241	0.2111	0.087	0.0726	0.1331	0.0605	0.0808	0.1389	0.0581	0.095	0.6805	0.5855	0.0884	0.4044	0.316	0.104	0.1922	0.0882	0.104	0.1368	0.0328	0.0731	0.1465	0.0734	0.0671	0.1932	0.1261	0.0871	0.5681	0.481	0.0347
0.1109	0.5647	0.4538	0.0755	0.3439	0.2684	0.0642	0.15	0.0858	0.0953	0.6373	0.542	0.0729	0.4525	0.3796	0.0885	0.1735	0.085	0.0895	0.1028	0.0133	0.0744	0.1183	0.0439	0.076	0.1647	0.0887	0.0879	0.4855	0.3976	0.085
0.0953	0.191	0.0957	0.0734	0.1257	0.0523	0.071	0.1497	0.0787	0.0784	0.5067	0.4283	0.0671	0.3896	0.3225	0.0817	0.1585	0.0768	0.0921	0.1627	0.0706	0.0383	0.1096	0.0713	0.0752	0.1731	0.0979	0.0863	0.51	0.4237	0.0755
0.0921	0.1274	0.0353	0.0671	0.1226	0.0555	0.0652	0.1207	0.0555	0.0768	0.6927	0.6159	0.0768	0.5782	0.5014	0.075	0.193	0.118	0.0813	0.3619	0.2806	0.0808	0.1521	0.0713	0.0686	0.2219	0.1533	0.0869	0.6053	0.5184	0.0053
0.0884	0.4314	0.343	0.0744	0.1781	0.1037	0.0634	0.1516	0.0882	0.0908	1.0925	1.0017	0.0737	0.4783	0.4046	0.075	0.1927	0.1177	0.0721	0.0954	0.0233	0.0652	0.1225	0.0573	0.0715	0.172	0.1005	0.076	0.625	0.549	0.0898
0.1085	0.177	0.0685	0.0673	0.1198	0.0525	0.0552	0.1355	0.0803	0.0694	0.998	0.9286	0.0905	0.7815	0.691	0.0756	0.1646	0.089	0.0884	0.1204	0.032	0.0708	0.0883	0.0175	0.071	0.1483	0.0773	0.0966	0.543	0.4464	0.0747
0.1003	0.133	0.0327	0.0663	0.1218	0.0555	0.0636	0.1204	0.0568	0.0734	0.7877	0.7143	0.0734	0.7279	0.6545	0.0803	0.1701	0.0898	0.0705	0.1382	0.0677	0.0504	0.1001	0.0497	0.0721	0.1787	0.1066	0.0911	0.8045	0.7134	0.0694
0.1164	0.1747	0.0583	0.07	0.1057	0.0357	0.0642	0.1495	0.0853	0.0832	1.0142	0.931	0.0708	0.4524	0.3816	0.0801	0.1538	0.0737	0.0781	0.1144	0.0363	0.0644	0.1083	0.0439	0.071	0.1515	0.0805	0.0887	0.5976	0.5089	0.0818
0.1006	0.1314	0.0308	0.062	0.1138	0.0518	0.062	0.1333	0.0713	0.0694	0.703	0.6336	0.0692	0.4253	0.3561	0.0755	0.1344	0.0589	0.0795	0.1113	0.0318	0.0697	0.093	0.0233	0.0742	0.1579	0.0837	0.0903	0.5401	0.4498	0.0874
0.0879	0.1274	0.0395	0.0686	0.1275	0.0589	0.0602	0.1191	0.0589	0.0776	0.5331	0.4555	0.07	0.3485	0.2785	0.0737	0.1439	0.0702	0.0995	0.117	0.0175	0.0755	0.121	0.0455	0.0863	0.185	0.0987	0.0863	0.4934	0.4071	0.0874
0.1056	0.1319	0.0263	0.0634	0.1146	0.0512	0.07	0.1231	0.0531	0.0789	0.5283	0.4494	0.0795	0.338	0.2585	0.0835	0.1403	0.0568	0.0874	0.1097	0.0223	0.0829	0.1046	0.0217	0.0708	0.1566	0.0858	0.0916	0.4733	0.3817	0.0657
0.0932	0.1546	0.0614	0.0599	0.1288	0.0689	0.0584	0.1083	0.0499	0.0708	0.8891	0.8183	0.0713	0.8939	0.8226	0.0715	0.2273	0.1558	0.0887	0.7189	0.6302	0.023	0.2247	0.2017	0.0916	0.3146	0.223	0.08	0.5298	0.4498	0.0861
0.0971	0.1894	0.0923	0.0679	0.1065	0.0386	0.0602	0.1381	0.0779	0.0781	0.8835	0.8054	0.0684	0.5857	0.5173	0.0692	0.1928	0.1236	0.0731	0.1152	0.0421	0.057	0.0953	0.0383	0.0766	0.1521	0.0755	0.0842	0.5396	0.4554	0.0898
0.0895	0.1324	0.0429	0.0605	0.1028	0.0423	0.0544	0.1196	0.0652	0.0747	0.5178	0.4431	0.0726	0.33	0.2574	0.0676	0.1201	0.0525	0.0702	0.1194	0.0492	0.0655	0.0724	0.0069	0.0766	0.1447	0.0681	0.0826	0.4469	0.3643	0.0866
0.1059	0.142	0.0361	0.0607	0.1206	0.0599	0.0628	0.109	0.0462	0.0737	0.5854	0.5117	0.0742	0.3983	0.3241	0.0782	0.1711	0.0929	0.0676	0.1366	0.069	0.07	0.0917	0.0217	0.08	0.1824	0.1024	0.0866	0.6267	0.5401	0.0985
0.1029	0.1493	0.0464	0.0623	0.1148	0.0525	0.0663	0.1336	0.0673	0.0708	0.5289	0.4581	0.0739	0.3936	0.3197	0.0747	0.175	0.1003	0.076	0.1516	0.0756	0.0726	0.1413	0.0687	0.0729	0.3138	0.2409	0.0779	0.5388	0.4609	0.0866
0.1059	0.1961	0.0902	0.0665	0.1111	0.0446	0.0652	0.1378	0.0726	0.0781	0.6671	0.589	0.0708	0.395	0.3242	0.0818	0.1792	0.0974	0.0771	0.0978	0.0207	0.07	0.1004	0.0304	0.0755	0.165	0.0895	0.0895	0.5047	0.4152	0.085
0.0998	0.1406	0.0408	0.061	0.1048	0.0438	0.066	0.1265	0.0605	0.0718	0.7922	0.7204	0.0673	0.6947	0.6274	0.0768	0.183	0.1062	0.0713	0.0981	0.0268	0.0626	0.092	0.0294	0.0766	0.1444	0.0678	0.0921	0.4646	0.3725	0.0655
0.1053	0.1641	0.0588	0.0626	0.0896	0.027	0.0631	0.1418	0.0787	0.0686	0.6198	0.5512	0.0673	0.4558	0.3885	0.0692	0.141	0.0718	0.0734	0.1091	0.0357	0.0626	0.0806	0.018	0.0795	0.1655	0.086	0.0861	0.4634	0.3773	0.0818
0.0982	0.1662	0.068	0.07	0.1262	0.0562	0.0644	0.1328	0.0684	0.0763	0.8925	0.8162	0.0689	0.4957	0.4268	0.07	0.1447	0.0747	0.0734	0.1091	0.0357	0.0597	0.0912	0.0315	0.075	0.1642	0.0892	0.0863	0.5208	0.4345	0.0892
0.0966	0.1823	0.0857	0.0391	0.5379	0.4988	0.0555	0.1408	0.0853	0.0647	0.5513	0.4866	0.0681	0.5244	0.4563	0.0729	0.1967	0.1238	0.0882	0.1245	0.0363	0.062	0.0966	0.0346	0.0744	0.1654	0.091	0.094	0.4794	0.3854	0.0924
0.0987	0.1889	0.0902	0.0776	0.147	0.0694	0.0605	0.132	0.0715	0.0634	0.5827	0.5193	0.0739	0.3556	0.2817	0.0726	0.2151	0.1425	0.095	0.1658	0.0708	0.0713	0.1426	0.0713	0.0568	0.1806	0.1238	0.0982	0.4762	0.378	0.0969
0.1127	0.1538	0.0411	0.0626	0.1001	0.0375	0.0671	0.1183	0.0512	0.0787	0.6529	0.5742	0.0721	0.487	0.4149	0.0653	0.1413	0.076	0.0671	0.0923	0.0252	0.0684	0.0912	0.0228	0.075	0.1584	0.0834	0.0927	0.4367	0.344	0.0919
0.113	0.1517	0.0387	0.0681	0.1228	0.0547	0.0547	0.1041	0.0494	0.0803	0.4666	0.3863	0.065	0.3111	0.2461	0.0816	0.1249	0.0433	0.081	0.1144	0.0334	0.0771	0.0912	0.0141	0.075	0.1565	0.0815	0.0895	0.5156	0.4261	0.1011
0.0964	0.1977	0.1013	0.0631	0.1249	0.0618	0.061	0.1241	0.0631	0.07	0.5706	0.5006	0.0726	0.348	0.2754	0.0745	0.1252	0.0507	0.0715	0.1096	0.0381	0.0642	0.0804	0.0162	0.0805	0.1525	0.072	0.0956	0.4639	0.3683	0.0855
0.1048	0.1543	0.0495	0.0613	0.1186	0.0573	0.0573	0.122	0.0647	0.0726	0.7083	0.6357	0.0715	0.4518	0.3803	0.0647	0.1418	0.0771	0.0684	0.0875	0.0191	0.0584	0.0867	0.0283	0.0797	0.1657	0.086	0.0916	0.5314	0.4398	0.0895
0.114	0.1593	0.0453	0.0652	0.1412	0.076	0.0594	0.0903	0.0309	0.0734	0.5869	0.5135	0.0752	0.4679	0.3927	0.0671	0.1967	0.1296	0.0702	0.1067	0.0365	0.061	0.1012	0.0402	0.0721	0.1605	0.0884	0.0879	0.4747	0.3868	0.0876
0.104	0.1469	0.0429	0.0626	0.127	0.0644	0.0573	0.1138	0.0565	0.0723	0.922	0.8497	0.0739	0.5236	0.4497	0.07	0.1447	0.0747	0.07	0.1107	0.0407	0.052	0.0705	0.0185	0.075	0.1584	0.0834	0.0937	0.5406	0.4469	0.0879
0.1027	0.9613	0.8586	0.0958	0.1966	0.1008	0.0589	0.1447	0.0858	0.0657	1.2569	1.1912	0.0729	0.5261	0.4532	0.0753	0.1524	0.0771	0.0768	0.1123	0.0355	0.0512	0.0774	0.0262	0.08	0.1673	0.0873	0.0977	0.5665	0.4688	0.0781
0.0927	0.1586	0.0659	0.0615	0.1354	0.0739	0.0565	0.1014	0.0449	0.0673	0.584	0.5167	0.0668	0.3638	0.297	0.0724	0.1281	0.0557	0.0681	0.0901	0.022	0.061	0.0917	0.0307	0.071	0.1594	0.0884	0.0829	0.5269	0.444	0.0821
0.0866	0.5512	0.4646	0.075	0.1814	0.1064	0.0557	0.1093	0.0536	0.0594	0.6671	0.6077	0.0686	0.3961	0.3275	0.0739	0.1478	0.0739	0.071	0.136	0.065	0.047	0.0724	0.0254	0.075	0.1734	0.0984	0.0953	0.5113	0.416	0.085
0.1127	0.2285	0.1158	0.0684	0.1286	0.0602	0.0599	0.1238	0.0639	0.0602	0.6246	0.5644	0.0723	0.4218	0.3495	0.0676	0.131	0.0634	0.0681	0.073	0.0049	0.0576	0.1094	0.0518	0.0792	0.1433	0.0641	0.0958	0.4562	0.3604	0.0866
0.1114	0.3042	0.1928	0.0747	0.1404	0.0657	0.0602	0.1207	0.0605	0.0684	0.5231	0.4547	0.0541	0.5835	0.5294	0.1124	0.2011	0.0887	0.0708	0.1313	0.0605	0.0613	0.0883	0.027	0.0737	0.1592	0.0855	0.0937	0.4169	0.3232	0.0929
0.1061	0.1907	0.0846	0.0644	0.1286	0.0642	0.0578	0.095	0.0372	0.0676	0.5146	0.447	0.0692	0.339	0.2698	0.0803	0.1571	0.0768	0.0686	0.1046	0.036	0.0591	0.0858	0.0267	0.076	0.1707	0.0947	0.0953	0.5736	0.4783	0.0892
0.108	0.1905	0.0825	0.0631	0.1378	0.0747	0.0618	0.1289	0.0671	0.0739	0.8682	0.7943	0.075	0.8132	0.7382	0.0665	0.1819	0.1154	0.0737	0.1213	0.0476	0.0544	0.0656	0.0112	0.0768	0.1565	0.0797	0.0937	0.5148	0.4211	0.0927
0.1014	0.1845	0.0831	0.0613	0.1257	0.0644	0.0568	0.107	0.0502	0.0644	1.2186	1.1542	0.0655	0.3899	0.3244	0.0758	0.1323	0.0565	0.0671	0.1002	0.0331	0.0591	0.0737	0.0146	0.0766	0.1571	0.0805	0.0908	0.4675	0.3767	0.0948
0.1172	0.138	0.0208	0.0602	0.117	0.0568	0.0613	0.1025	0.0412	0.0715	0.5866	0.5151	0.0729	0.3485	0.2756	0.0782	0.1661	0.0879	0.0763	0.0986	0.0223	0.0591	0.0911	0.032	0.0768	0.1494	0.0726	0.0932	0.4462	0.353	0.1019
0.0953	0.2388	0.1435	0.0665	0.1043	0.0378	0.0599	0.1328	0.0729	0.0737	0.4376	0.3639	0.0729	0.315	0.2421	0.084	0.1379	0.0539	0.0734	0.0893	0.0159	0.0652	0.0893	0.0241	0.0858	0.1623	0.0765	0.094	0.5293	0.4353	0.0737
0.1069	0.1475	0.0406	0.0642	0.1197	0.0555	0.0525	0.0929	0.0404	0.0826	0.5834	0.5008	0.0697	0.3334	0.2637	0.0692	0.1455	0.0763	0.0684	0.0904	0.022	0.0613	0.1065	0.0452	0.0766	0.1531	0.0765	0.0953	0.4448	0.3495	0.0858
0.1489	0.2013	0.0524	0.0644	0.113	0.0486	0.0631	0.1106	0.0475	0.0821	0.95	0.8679	0.0702	0.397	0.3268	0.0752	0.1576	0.0824	0.0615	0.0949	0.0334	0.0568	0.0854	0.0286	0.0781	0.1554	0.0773	0.0916	0.4691	0.3775	0.0958
0.1169	0.1575	0.0406	0.0623	0.1024	0.0401	0.0628	0.1124	0.0496	0.0818	0.8141	0.7323	0.0713	0.4865	0.4152	0.0787	0.1919	0.1132	0.0723	0.1291	0.0568	0.0576	0.0856	0.028	0.0726	0.1415	0.0689	0.0916	0.4646	0.373	0.0858
0.109	0.1345	0.0255	0.0642	0.1004	0.0362	0.0694	0.1307	0.0613	0.0758	0.8184	0.7426	0.0723	0.3751	0.3028	0.0772	0.1461	0.0689	0.0721	0.1076	0.0355	0.0642	0.0883	0.0241	0.0789	0.156	0.0771	0.0937	0.4889	0.3952	0.0882
0.1138	0.161	0.0472	0.0671	0.136	0.0689	0.057	0.0993	0.0423	0.0776	0.5623	0.4847	0.0755	0.3669	0.2914	0.0877	0.1711	0.0834	0.0776	0.1165	0.0389	0.0573	0.0859	0.0286	0.0752	0.1694	0.0942	0.0966	0.4849	0.3883	0.1037
0.1156	0.1562	0.0406	0.0715	0.1341	0.0626	0.0631	0.1114	0.0483	0.0731	1.041	0.9679	0.0705	0.4049	0.3344	0.0887	0.1629	0.0742	0.0792	0.1046	0.0254	0.0657	0.1014	0.0357	0.0763	0.1639	0.0876	0.09	0.525	0.435	0.0882
0.1328	0.1438	0.011	0.0705	0.1492	0.0787	0.0634	0.0972	0.0338	0.0715	0.6705	0.599	0.0784	0.4385	0.3601	0.0924	0.1837	0.0913	0.0755	0.0991	0.0236	0.0739	0.1075	0.0336	0.0726	0.1412	0.0686	0.0987	0.4862	0.3875	0.1045
0.1396	0.1873	0.0477	0.0697	0.1291	0.0594	0.0557	0.1148	0.0591	0.0818	0.4863	0.4045	0.0752	0.3349	0.2597	0.0702	0.1452	0.075	0.0734	0.1017	0.0283	0.0731	0.1125	0.0394	0.0766	0.1634	0.0868	0.0937	0.662	0.5683	0.0887
0.1037	0.1469	0.0432	0.0657	0.1214	0.0557	0.0636	0.0961	0.0325	0.0795	0.5664	0.4869	0.0855	0.3448	0.2593	0.0747	0.1441	0.0694	0.0768	0.1247	0.0479	0.0618	0.0777	0.0159	0.0686	0.1441	0.0755	0.0966	0.506	0.4094	0.0631
0.109	0.1968	0.0878	0.0665	0.1146	0.0481	0.0578	0.1138	0.056	0.0808	0.6447	0.5639	0.0734	0.336	0.2626	0.0793	0.158	0.0787	0.076	0.1096	0.0336	0.0729	0.0891	0.0162	0.0813	0.1599	0.0786	0.0945	0.4981	0.4036	0.099
0.1032	0.1543	0.0511	0.0705	0.132	0.0615	0.0512	0.1014	0.0502	0.08	0.9519	0.8719	0.0829	1.0549	0.972	0.1156	0.5081	0.3925	0.0855	0.1513	0.0658	0.0755	0.4804	0.4049	0.0969	0.2988	0.2019	0.1061	0.5372	0.4311	0.0995
0.1156	0.1356	0.02	0.0689	0.1207	0.0518	0.0631	0.1046	0.0415	0.0905	0.4832	0.3927	0.0747	0.3313	0.2566	0.0764	0.154	0.0776	0.0821	0.1265	0.0444	0.0702	0.0927	0.0225	0.0803	0.1529	0.0726	0.0956	0.5021	0.4065	0.0882
0.1489	0.1961	0.0472	0.0723	0.1098	0.0375	0.089	0.183	0.094	0.0684	0.7701	0.7017	0.0792	0.6361	0.5569	0.0942	0.2829	0.1887	0.1029	0.1373	0.0344	0.0805	0.1552	0.0747	0.0689	0.1781	0.1092	0.0929	0.7987	0.7058	0.0276
0.1291	0.162	0.0329	0.0781	0.1386	0.0605	0.0737	0.1331	0.0594	0.0816	0.6239	0.5423	0.071	0.4033	0.3323	0.0834	0.1848	0.1014	0.0934	0.1347	0.0413	0.0647	0.0893	0.0246	0.0863	0.1787	0.0924	0.095	0.5583	0.4633	0.0995
0.1098	0.1327	0.0229	0.0729	0.1347	0.0618	0.0779	0.1299	0.052	0.0887	0.5814	0.4927	0.0768	0.4342	0.3574	0.0845	0.1811	0.0966	0.0742	0.1044	0.0302	0.0723	0.0879	0.0156	0.0803	0.1645	0.0842	0.0927	0.4781	0.3854	0.0924
0.1193	0.1348	0.0155	0.0742	0.1344	0.0602	0.0692	0.1225	0.0533	0.0929	0.5391	0.4462	0.0726	0.3677	0.2951	0.0798	0.1791	0.0993	0.1127	0.1339	0.0212	0.0956	0.1719	0.0763	0.0359	0.1496	0.1137	0.1183	0.6177	0.4994	0.0961
0.0948	0.1377	0.0429	0.0729	0.1241	0.0512	0.071	0.117	0.046	0.0919	0.5054	0.4135	0.0837	0.3799	0.2962	0.0892	0.2001	0.1109	0.0921	0.1196	0.0275	0.0739	0.1534	0.0795	0.0969	0.2162	0.1193	0.0958	0.5509	0.4551	0.09
0.1283	0.1404	0.0121	0.0744	0.1452	0.0708	0.0718	0.1098	0.038	0.0858	0.5608	0.475	0.0747	0.3223	0.2476	0.0919	0.1632	0.0713	0.0942	0.1183	0.0241	0.0861	0.1495	0.0634	0.0771	0.1747	0.0976	0.1124	0.534	0.4216	0.0985
0.1122	0.1493	0.0371	0.0821	0.1874	0.1053	0.0708	0.108	0.0372	0.0892	0.5792	0.49	0.0784	0.3493	0.2709	0.0906	0.1558	0.0652	0.0869	0.1429	0.056	0.0689	0.098	0.0291	0.0995	0.1837	0.0842	0.1056	0.6343	0.5287	0.0789
0.1127	0.1425	0.0298	0.0737	0.1476	0.0739	0.0697	0.1112	0.0415	0.0776	0.5594	0.4818	0.0705	0.3604	0.2899	0.1059	0.1759	0.07	0.0905	0.1357	0.0452	0.0845	0.0891	0.0046	0.0784	0.1729	0.0945	0.0993	0.5779	0.4786	0.081
0.108	0.1391	0.0311	0.0715	0.1409	0.0694	0.0697	0.1009	0.0312	0.0869	0.5716	0.4847	0.0697	0.3239	0.2542	0.0866	0.1529	0.0663	0.0871	0.107	0.0199	0.0734	0.1125	0.0391	0.0845	0.1782	0.0937	0.1053	0.5567	0.4514	0.0971
0.1114	0.2858	0.1744	0.0639	0.1199	0.056	0.0684	0.1378	0.0694	0.0686	0.5251	0.4565	0.0689	0.3139	0.245	0.0792	0.1523	0.0731	0.0824	0.115	0.0326	0.0744	0.0961	0.0217	0.0842	0.1523	0.0681	0.1024	0.6029	0.5005	0.0869
0.1061	0.1828	0.0767	0.0684	0.1212	0.0528	0.0689	0.1407	0.0718	0.0866	0.4903	0.4037	0.0744	0.3579	0.2835	0.0867	0.1738	0.0871	0.0942	0.1386	0.0444	0.0818	0.0966	0.0148	0.0905	0.1718	0.0813	0.1095	0.5034	0.3939	0.0898
0.1365	0.1641	0.0276	0.0755	0.1476	0.0721	0.0774	0.7881	0.7107	0.1375	0.6357	0.4982	0.0792	0.3422	0.263	0.0785	0.1664	0.0879	0.1014	0.1429	0.0415	0.066	0.089	0.023	0.0905	0.1792	0.0887	0.1059	0.5861	0.4802	0.095
0.1262	0.3929	0.2667	0.0686	0.1285	0.0599	0.0681	0.1507	0.0826	0.0824	0.5941	0.5117	0.0766	0.366	0.2894	0.0681	0.1462	0.0781	0.0892	0.155	0.0658	0.0742	0.0896	0.0154	0.0874	0.1692	0.0818	0.1085	0.567	0.4585	0.0942
0.1402	0.1552	0.015	0.0763	0.1452	0.0689	0.0779	0.1231	0.0452	0.1019	0.626	0.5241	0.0697	0.3661	0.2964	0.0795	0.1981	0.1186	0.0771	0.1046	0.0275	0.0789	0.1109	0.032	0.0824	0.1687	0.0863	0.0966	0.5055	0.4089	0.0913
0.1064	0.3979	0.2915	0.0644	0.1043	0.0399	0.0607	0.3156	0.2549	0.0887	0.6505	0.5618	0.0742	2.1738	2.0996	0.0974	0.3426	0.2452	0.094	0.1334	0.0394	0.0607	0.1006	0.0399	0.0708	0.1552	0.0844	0.104	0.5609	0.4569	0.08
0.1296	0.1367	0.0071	0.0684	0.1225	0.0541	0.0692	0.1149	0.0457	0.1061	0.717	0.6109	0.0784	0.4158	0.3374	0.1004	0.1712	0.0708	0.0776	0.1075	0.0299	0.0634	0.0909	0.0275	0.0752	0.157	0.0818	0.1056	0.5137	0.4081	0.0937
0.1206	0.1403	0.0197	0.0758	0.1442	0.0684	0.0565	0.1051	0.0486	0.1008	0.5483	0.4475	0.0731	0.3189	0.2458	0.0932	0.1956	0.1024	0.0768	0.0962	0.0194	0.0805	0.1077	0.0272	0.0829	0.1555	0.0726	0.0993	0.5217	0.4224	0.0884
0.1167	0.1689	0.0522	0.0921	0.1605	0.0684	0.0655	0.1291	0.0636	0.0866	0.608	0.5214	0.0726	0.3566	0.284	0.0761	0.173	0.0969	0.0874	0.1097	0.0223	0.0805	0.1046	0.0241	0.0845	0.1716	0.0871	0.1059	0.514	0.4081	0.099
0.128	0.1973	0.0693	0.08	0.1481	0.0681	0.0684	0.1262	0.0578	0.1111	0.7589	0.6478	0.0768	0.3519	0.2751	0.0774	0.1537	0.0763	0.0789	0.131	0.0521	0.0702	0.0961	0.0259	0.0779	0.1666	0.0887	0.1072	0.5897	0.4825	0.0842
0.1135	0.3557	0.2422	0.0879	0.1737	0.0858	0.0591	0.1204	0.0613	0.085	0.5357	0.4507	0.0763	0.3197	0.2434	0.084	0.1516	0.0676	0.0853	0.1062	0.0209	0.066	0.1041	0.0381	0.0789	0.1691	0.0902	0.1053	0.543	0.4377	0.0839
0.1183	0.161	0.0427	0.0779	0.1563	0.0784	0.0615	0.1212	0.0597	0.0884	0.5209	0.4325	0.0789	0.5497	0.4708	0.0818	0.1898	0.108	0.0808	0.0849	0.0041	0.0555	0.0967	0.0412	0.0916	0.1724	0.0808	0.1051	0.7138	0.6087	0.0876
0.1103	0.2187	0.1084	0.0737	0.1326	0.0589	0.0639	0.113	0.0491	0.0774	0.7236	0.6462	0.0744	0.3268	0.2524	0.0784	0.1565	0.0781	0.0977	0.1553	0.0576	0.076	0.1046	0.0286	0.0752	0.1734	0.0982	0.1029	0.5699	0.467	0.0681
0.1409	0.2469	0.106	0.0824	0.1373	0.0549	0.0628	0.1275	0.0647	0.0866	0.5304	0.4438	0.0879	0.5986	0.5107	0.1109	0.364	0.2531	0.0911	0.1814	0.0903	0.0634	0.1165	0.0531	0.0747	0.1779	0.1032	0.0966	0.5897	0.4931	0.0093
0.1204	0.1961	0.0757	0.0744	0.1233	0.0489	0.0668	0.1199	0.0531	0.08	0.4566	0.3766	0.0824	0.3535	0.2711	0.0792	0.1608	0.0816	0.0808	0.1126	0.0318	0.0729	0.1004	0.0275	0.0847	0.1589	0.0742	0.1008	0.4664	0.3656	0.1082
0.114	0.1364	0.0224	0.0779	0.1753	0.0974	0.0634	0.0956	0.0322	0.0937	0.6196	0.5259	0.0747	0.3489	0.2742	0.0811	0.1437	0.0626	0.089	0.1348	0.0458	0.0679	0.0936	0.0257	0.0898	0.1771	0.0873	0.1056	0.4995	0.3939	0.099
0.123	0.1979	0.0749	0.0781	0.1689	0.0908	0.0631	0.0988	0.0357	0.0908	0.5423	0.4515	0.0774	0.676	0.5986	0.0858	0.2384	0.1526	0.0884	0.1334	0.045	0.0628	0.0832	0.0204	0.0768	0.1586	0.0818	0.1061	0.5155	0.4094	0.1053
0.1262	0.1887	0.0625	0.0655	0.1368	0.0713	0.0557	0.108	0.0523	0.0916	0.8012	0.7096	0.076	0.6791	0.6031	0.0842	0.2236	0.1394	0.0805	0.1315	0.051	0.085	0.0943	0.0093	0.0869	0.1592	0.0723	0.1048	0.5377	0.4329	0.0842
0.1314	0.1796	0.0482	0.07	0.155	0.085	0.057	0.0927	0.0357	0.0808	0.5434	0.4626	0.0734	0.5768	0.5034	0.0771	0.1814	0.1043	0.0869	0.1229	0.036	0.0602	0.0935	0.0333	0.0932	0.1761	0.0829	0.0985	0.509	0.4105	0.1103
0.1198	0.1691	0.0493	0.0803	0.1587	0.0784	0.0557	0.1207	0.065	0.0789	0.4861	0.4072	0.0826	0.3825	0.2999	0.0811	0.1587	0.0776	0.0995	0.0972	-0.0023	0.0736	0.1201	0.0465	0.0908	0.1726	0.0818	0.1103	0.5226	0.4123	0.0945
0.1093	0.2206	0.1113	0.0742	0.1149	0.0407	0.0602	0.1468	0.0866	0.0913	0.6652	0.5739	0.0742	0.363	0.2888	0.0774	0.1624	0.085	0.085	0.1102	0.0252	0.0708	0.0973	0.0265	0.0779	0.156	0.0781	0.1056	0.4797	0.3741	0.1014
0.1251	0.1572	0.0321	0.0713	0.1439	0.0726	0.0568	0.121	0.0642	0.095	0.5526	0.4576	0.0826	0.4044	0.3218	0.0866	0.1624	0.0758	0.0871	0.1165	0.0294	0.0797	0.0808	0.0011	0.0874	0.1697	0.0823	0.1135	0.4873	0.3738	0.1088
0.0964	0.7365	0.6401	0.0721	0.1513	0.0792	0.0652	0.174	0.1088	0.0774	0.9762	0.8988	0.0792	0.5186	0.4394	0.08	0.1655	0.0855	0.0763	0.0983	0.022	0.0594	0.0853	0.0259	0.0803	0.1576	0.0773	0.0948	0.4779	0.3831	0.0729
0.1074	0.1453	0.0379	0.0739	0.146	0.0721	0.0565	0.1077	0.0512	0.0948	0.4954	0.4006	0.0744	0.3593	0.2849	0.0718	0.1771	0.1053	0.0673	0.0959	0.0286	0.0597	0.0825	0.0228	0.0816	0.161	0.0794	0.0974	0.4966	0.3992	0.0723
0.1301	0.1546	0.0245	0.0697	0.1821	0.1124	0.0607	0.1217	0.061	0.0911	0.6183	0.5272	0.0742	0.3513	0.2771	0.0842	0.1663	0.0821	0.076	0.1318	0.0558	0.0708	0.0812	0.0104	0.08	0.1729	0.0929	0.1061	0.5805	0.4744	0.0966
0.1164	0.2063	0.0899	0.0729	0.1761	0.1032	0.0615	0.1626	0.1011	0.0948	0.8244	0.7296	0.0816	0.8527	0.7711	0.0898	0.2825	0.1927	0.0742	0.1297	0.0555	0.0747	0.0835	0.0088	0.0821	0.1697	0.0876	0.0971	0.5393	0.4422	0.0942
0.1233	0.1581	0.0348	0.0739	0.151	0.0771	0.07	0.113	0.043	0.0898	0.5914	0.5016	0.0742	0.3363	0.2621	0.0795	0.16	0.0805	0.0887	0.1189	0.0302	0.0895	0.1059	0.0164	0.0818	0.1765	0.0947	0.1056	0.5021	0.3965	0.1082
0.1206	0.1443	0.0237	0.0734	0.1639	0.0905	0.0539	0.1033	0.0494	0.0961	0.5542	0.4581	0.0739	0.3379	0.264	0.0882	0.1476	0.0594	0.0805	0.1168	0.0363	0.0655	0.0806	0.0151	0.089	0.1645	0.0755	0.1045	0.752	0.6475	0.1061
0.1188	0.1607	0.0419	0.0721	0.1761	0.104	0.0713	0.1093	0.038	0.0845	0.8474	0.7629	0.0726	0.3543	0.2817	0.0824	0.1698	0.0874	0.0847	0.1096	0.0249	0.0797	0.0824	0.0027	0.0871	0.1557	0.0686	0.1077	0.4886	0.3809	0.0964
0.1072	0.1272	0.02	0.0816	0.155	0.0734	0.0634	0.1049	0.0415	0.0929	0.5853	0.4924	0.0771	0.3405	0.2634	0.089	0.1714	0.0824	0.0723	0.1059	0.0336	0.0834	0.1019	0.0185	0.0829	0.1753	0.0924	0.0993	0.5797	0.4804	0.0779
0.1285	0.1617	0.0332	0.0758	0.1574	0.0816	0.0671	0.1054	0.0383	0.09	0.5106	0.4206	0.08	0.3651	0.2851	0.0821	0.165	0.0829	0.0744	0.0935	0.0191	0.0898	0.1036	0.0138	0.0905	0.1639	0.0734	0.1048	0.4815	0.3767	0.1072
0.1241	0.285	0.1609	0.0702	0.1309	0.0607	0.0631	0.146	0.0829	0.094	0.5518	0.4578	0.0766	0.3092	0.2326	0.0888	0.1469	0.0581	0.0797	0.1244	0.0447	0.076	0.0784	0.0024	0.0847	0.1594	0.0747	0.1085	0.5573	0.4488	0.1122
0.1285	0.1744	0.0459	0.0771	0.1669	0.0898	0.0586	0.0824	0.0238	0.0834	0.4713	0.3879	0.0803	0.3271	0.2468	0.0922	0.1624	0.0702	0.0861	0.0819	-0.0042	0.0872	0.116	0.0288	0.0863	0.1605	0.0742	0.1027	0.4868	0.3841	0.1101
0.1504	0.1873	0.0369	0.1206	0.7273	0.6067	0.0665	0.1502	0.0837	0.0705	0.5827	0.5122	0.0779	0.3237	0.2458	0.1497	0.3374	0.1877	0.0964	0.153	0.0566	0.0771	0.1532	0.0761	0.0813	0.1562	0.0749	0.0961	0.7618	0.6657	0.0768
0.1209	0.2267	0.1058	0.0686	0.1467	0.0781	0.0597	0.1154	0.0557	0.0884	0.4541	0.3657	0.0803	0.3276	0.2473	0.1051	0.1476	0.0425	0.0776	0.1125	0.0349	0.0943	0.0922	-0.0021	0.0877	0.1568	0.0691	0.1051	0.537	0.4319	0.1019
0.1029	0.1379	0.035	0.0655	0.1465	0.081	0.0565	0.0916	0.0351	0.1011	0.5299	0.4288	0.08	0.3406	0.2606	0.0787	0.1537	0.075	0.0787	0.0849	0.0062	0.0876	0.117	0.0294	0.0876	0.1702	0.0826	0.0987	0.4752	0.3765	0.0982
0.1143	0.1393	0.025	0.0729	0.1603	0.0874	0.0618	0.0872	0.0254	0.0942	0.5061	0.4119	0.0776	0.4659	0.3883	0.0934	0.2627	0.1693	0.0884	0.1423	0.0539	0.0663	0.079	0.0127	0.0924	0.1563	0.0639	0.0961	0.4591	0.363	0.0829
0.119	0.1532	0.0342	0.0676	0.1402	0.0726	0.0647	0.099	0.0343	0.0829	0.4724	0.3895	0.0792	0.4815	0.4023	0.0932	0.2033	0.1101	0.0858	0.1002	0.0144	0.0821	0.0991	0.017	0.0866	0.1681	0.0815	0.1024	0.6414	0.539	0.1119
0.1193	0.2335	0.1142	0.0702	0.1346	0.0644	0.0507	0.1521	0.1014	0.0845	0.5299	0.4454	0.0784	0.322	0.2436	0.0985	0.17	0.0715	0.0737	0.096	0.0223	0.0887	0.0909	0.0022	0.0847	0.1612	0.0765	0.0998	0.4792	0.3794	0.1146
0.1103	0.135	0.0247	0.0726	0.1597	0.0871	0.0605	0.0946	0.0341	0.0979	0.8043	0.7064	0.0934	0.3706	0.2772	0.1131	0.1751	0.062	0.0847	0.1856	0.1009	0.1016	0.1035	0.0019	0.0803	0.2041	0.1238	0.0942	0.5253	0.4311	0.0979
0.1103	0.3369	0.2266	0.0816	0.1363	0.0547	0.0562	0.1217	0.0655	0.0855	0.4578	0.3723	0.0787	0.2989	0.2202	0.0858	0.1584	0.0726	0.0779	0.0729	-0.005	0.0882	0.1102	0.022	0.0871	0.1615	0.0744	0.1064	0.966	0.8596	0.0855
0.1644	0.2158	0.0514	0.0713	0.1122	0.0409	0.0871	0.1589	0.0718	0.1101	0.5999	0.4898	0.0834	0.4281	0.3447	0.0489	0.3619	0.313	0.0987	0.1569	0.0582	0.0779	0.1587	0.0808	0.0734	0.2011	0.1277	0.0874	0.9763	0.8889	0.1159
0.1288	0.1828	0.054	0.0705	0.1365	0.066	0.0681	0.128	0.0599	0.0818	0.4847	0.4029	0.0845	0.3723	0.2878	0.1201	0.2412	0.1211	0.0953	0.1281	0.0328	0.0734	0.1302	0.0568	0.0855	0.1744	0.0889	0.1006	0.4277	0.3271	0.0995
0.1568	0.166	0.0092	0.0702	0.1636	0.0934	0.0586	0.0977	0.0391	0.0979	0.6497	0.5518	0.0734	0.5203	0.4469	0.0938	0.1912	0.0974	0.0766	0.1134	0.0368	0.0673	0.1072	0.0399	0.0832	0.1798	0.0966	0.104	0.6111	0.5071	0.0866
0.1621	0.1514	-0.0107	0.0742	0.1494	0.0752	0.1074	0.1196	0.0122	0.1011	0.5827	0.4816	0.0834	0.3485	0.2651	0.0824	0.1835	0.1011	0.0879	0.1234	0.0355	0.0866	0.1009	0.0143	0.0903	0.1608	0.0705	0.1061	0.4963	0.3902	0.1014
0.147	0.2179	0.0709	0.0734	0.1283	0.0549	0.0869	0.1223	0.0354	0.0847	0.527	0.4423	0.0884	0.3561	0.2677	0.0787	0.1774	0.0987	0.0948	0.1292	0.0344	0.071	0.1233	0.0523	0.0882	0.1658	0.0776	0.1032	0.5132	0.41	0.0942
0.1241	0.1399	0.0158	0.0676	0.1365	0.0689	0.0895	0.1257	0.0362	0.0887	0.6468	0.5581	0.1059	0.5243	0.4184	0.0971	0.2779	0.1808	0.0961	0.1674	0.0713	0.0201	0.1125	0.0924	0.0776	0.1734	0.0958	0.0874	0.4749	0.3875	0.0958
0.1299	0.1692	0.0393	0.08	0.1581	0.0781	0.0792	0.1199	0.0407	0.0858	0.5265	0.4407	0.0805	0.3569	0.2764	0.0884	0.237	0.1486	0.0874	0.1237	0.0363	0.0774	0.159	0.0816	0.0715	0.1636	0.0921	0.1029	0.4854	0.3825	0.0966
0.1029	0.1495	0.0466	0.0615	0.1148	0.0533	0.0771	0.1244	0.0473	0.0837	1.0458	0.9621	0.0705	0.3189	0.2484	0.0805	0.1784	0.0979	0.0824	0.1342	0.0518	0.0824	0.1342	0.0518	0.0615	0.1473	0.0858	0.1101	0.5422	0.4321	0.1066
0.1262	0.1567	0.0305	0.0718	0.136	0.0642	0.0874	0.1228	0.0354	0.0853	0.5207	0.4354	0.0681	0.3466	0.2785	0.0761	0.1693	0.0932	0.0818	0.1157	0.0339	0.0824	0.1023	0.0199	0.0755	0.1592	0.0837	0.0953	0.5472	0.4519	0.0803
0.1175	0.162	0.0445	0.0697	0.1763	0.1066	0.0636	0.1003	0.0367	0.0842	0.6138	0.5296	0.0752	0.3434	0.2682	0.0787	0.1637	0.085	0.0861	0.1348	0.0487	0.0718	0.0909	0.0191	0.0866	0.1671	0.0805	0.0966	0.4435	0.3469	0.1037
0.1233	0.1378	0.0145	0.0721	0.1584	0.0863	0.0702	0.1061	0.0359	0.1053	0.5769	0.4716	0.0779	0.3889	0.311	0.0961	0.1946	0.0985	0.0855	0.1141	0.0286	0.0763	0.0956	0.0193	0.0821	0.156	0.0739	0.1019	0.4992	0.3973	0.1027
0.1204	0.1449	0.0245	0.0726	0.1412	0.0686	0.0702	0.1056	0.0354	0.0892	0.4681	0.3789	0.0789	0.3735	0.2946	0.0726	0.1663	0.0937	0.0913	0.1249	0.0336	0.1159	0.1181	0.0022	0.0813	0.1536	0.0723	0.1003	0.6018	0.5015	0.0277
0.0995	0.1395	0.04	0.0705	0.1777	0.1072	0.0639	0.0951	0.0312	0.0816	0.5046	0.423	0.0776	0.3973	0.3197	0.0959	0.1896	0.0937	0.0734	0.1189	0.0455	0.0739	0.1125	0.0386	0.0842	0.1766	0.0924	0.1014	0.4921	0.3907	0.0903
0.0953	0.1464	0.0511	0.0808	0.2014	0.1206	0.0776	0.1257	0.0481	0.071	0.5457	0.4747	0.0853	0.3527	0.2674	0.0732	0.1769	0.1037	0.0776	0.1057	0.0281	0.0858	0.1046	0.0188	0.0855	0.1647	0.0792	0.0974	0.5483	0.4509	0.0969
0.1093	0.1776	0.0683	0.081	0.2388	0.1578	0.0721	0.146	0.0739	0.0869	0.6754	0.5885	0.0839	0.3809	0.297	0.084	0.1825	0.0985	0.076	0.1159	0.0399	0.1001	0.0964	-0.0037	0.0927	0.1682	0.0755	0.1024	0.5572	0.4548	0.0921
0.0855	0.1659	0.0804	0.0747	0.1745	0.0998	0.0755	0.1056	0.0301	0.0884	0.5351	0.4467	0.0731	0.3384	0.2653	0.0755	0.1576	0.0821	0.0726	0.131	0.0584	0.0771	0.0795	0.0024	0.0908	0.1652	0.0744	0.0958	0.4928	0.397	0.0956
0.0987	0.1401	0.0414	0.0652	0.1536	0.0884	0.0869	0.0975	0.0106	0.0824	0.4497	0.3673	0.0824	0.3508	0.2684	0.0734	0.1655	0.0921	0.0715	0.0742	0.0027	0.0758	0.1257	0.0499	0.0805	0.1444	0.0639	0.0969	0.4897	0.3928	0.0919
0.0956	0.1428	0.0472	0.0684	0.1473	0.0789	0.0607	0.1008	0.0401	0.0784	0.4734	0.395	0.0686	0.3391	0.2705	0.0734	0.1613	0.0879	0.0639	0.1112	0.0473	0.0908	0.0837	-0.0071	0.0869	0.164	0.0771	0.1035	0.4932	0.3897	0.0924
0.1003	0.1477	0.0474	0.0686	0.1264	0.0578	0.0652	0.109	0.0438	0.0789	0.5093	0.4304	0.0768	0.3159	0.2391	0.0787	0.1534	0.0747	0.0821	0.1218	0.0397	0.0887	0.0999	0.0112	0.0784	0.1438	0.0654	0.1019	0.5169	0.415	0.0895
0.0982	0.1834	0.0852	0.0739	0.1692	0.0953	0.0731	0.1188	0.0457	0.0826	0.7748	0.6922	0.0747	0.3348	0.2601	0.1059	0.1735	0.0676	0.0829	0.117	0.0341	0.107	0.0972	-0.0098	0.0822	0.1545	0.0723	0.1	0.9214	0.8214	0.1148
0.1109	0.1665	0.0556	0.0697	0.1536	0.0839	0.0763	0.0974	0.0211	0.0866	0.8299	0.7433	0.0898	0.3506	0.2608	0.0975	0.1614	0.0639	0.0824	0.1165	0.0341	0.0943	0.0864	-0.0079	0.0879	0.1853	0.0974	0.0977	0.5467	0.449	0.104
0.1304	0.143	0.0126	0.0705	0.1698	0.0993	0.071	0.0977	0.0267	0.1022	0.4318	0.3296	0.0758	0.3194	0.2436	0.0803	0.1289	0.0486	0.0929	0.1078	0.0149	0.1032	0.1043	0.0011	0.0874	0.1711	0.0837	0.0977	0.5417	0.444	0.0971
0.1135	0.1797	0.0662	0.0652	0.1568	0.0916	0.0726	0.104	0.0314	0.0845	0.4545	0.37	0.0792	0.3263	0.2471	0.0753	0.1379	0.0626	0.0832	0.1261	0.0429	0.097	0.0798	-0.0172	0.0917	0.1619	0.0702	0.0987	0.4738	0.3751	0.1043
0.1048	0.1536	0.0488	0.0705	0.1244	0.0539	0.0758	0.108	0.0322	0.0903	0.4597	0.3694	0.0824	0.3189	0.2365	0.0964	0.1595	0.0631	0.0734	0.112	0.0386	0.0937	0.0908	-0.0029	0.0845	0.1663	0.0818	0.0916	0.5327	0.4411	0.1053
0.1135	0.1214	0.0079	0.0755	0.1637	0.0882	0.0665	0.0911	0.0246	0.0892	0.414	0.3248	0.089	0.329	0.24	0.0985	0.164	0.0655	0.0781	0.1096	0.0315	0.0884	0.0932	0.0048	0.0898	0.1592	0.0694	0.0971	0.4944	0.3973	0.1003
0.109	0.1715	0.0625	0.081	0.5191	0.4381	0.0855	0.1652	0.0797	0.0853	0.6877	0.6024	0.0808	0.3709	0.2901	0.0892	0.2349	0.1457	0.0436	0.0719	0.0283	0.0945	0.1006	0.0061	0.0839	0.1842	0.1003	0.094	0.5842	0.4902	0.0948
0.1003	0.1723	0.072	0.0605	0.1349	0.0744	0.0697	0.1075	0.0378	0.0766	0.3613	0.2847	0.0763	0.3057	0.2294	0.0869	0.1503	0.0634	0.0816	0.116	0.0344	0.0877	0.0845	-0.0032	0.0848	0.1571	0.0723	0.0929	0.5161	0.4232	0.0948
0.1016	0.1168	0.0152	0.0731	0.1428	0.0697	0.075	0.1136	0.0386	0.0737	0.584	0.5103	0.0771	0.2975	0.2204	0.088	0.1522	0.0642	0.0776	0.1162	0.0386	0.0861	0.0824	-0.0037	0.0853	0.1645	0.0792	0.0937	0.9314	0.8377	0.1193
0.1106	0.1947	0.0841	0.0697	0.1209	0.0512	0.0681	0.1135	0.0454	0.0861	0.4165	0.3304	0.0869	0.3034	0.2165	0.0898	0.1553	0.0655	0.0792	0.1395	0.0603	0.0896	0.0695	-0.0201	0.0835	0.1672	0.0837	0.0929	0.5176	0.4247	0.1103
0.1217	0.1905	0.0688	0.0723	0.1175	0.0452	0.0721	0.1194	0.0473	0.0971	0.4578	0.3607	0.081	0.3402	0.2592	0.0768	0.1671	0.0903	0.0544	0.0772	0.0228	0.07	0.1078	0.0378	0.0879	0.1665	0.0786	0.0974	0.5171	0.4197	0.1016
0.1111	0.1124	0.0013	0.0771	0.1529	0.0758	0.0684	0.1006	0.0322	0.0766	0.4883	0.4117	0.094	0.3401	0.2461	0.088	0.154	0.066	0.0797	0.1289	0.0492	0.0766	0.0962	0.0196	0.0858	0.1742	0.0884	0.095	0.7224	0.6274	0.1003
0.1109	0.1341	0.0232	0.0718	0.1718	0.1	0.0607	0.0927	0.032	0.0853	0.4191	0.3338	0.0834	0.2843	0.2009	0.0853	0.1334	0.0481	0.0905	0.112	0.0215	0.0715	0.0937	0.0222	0.09	0.1747	0.0847	0.1037	0.5796	0.4759	0.1101
0.1127	0.1221	0.0094	0.0715	0.161	0.0895	0.0686	0.0932	0.0246	0.0874	0.4399	0.3525	0.0795	0.3311	0.2516	0.0903	0.1671	0.0768	0.0792	0.0864	0.0072	0.0847	0.1217	0.037	0.0863	0.1557	0.0694	0.1059	0.5177	0.4118	0.1064
0.1148	0.125	0.0102	0.0718	0.1299	0.0581	0.0729	0.1057	0.0328	0.0932	0.3748	0.2816	0.0861	0.324	0.2379	0.083	0.163	0.08	0.0803	0.096	0.0157	0.066	0.0983	0.0323	0.095	0.1731	0.0781	0.108	0.547	0.439	0.0913
0.0964	0.1262	0.0298	0.0692	0.1621	0.0929	0.0568	0.0885	0.0317	0.0813	0.4766	0.3953	0.0784	0.3231	0.2447	0.0824	0.1782	0.0958	0.061	0.0954	0.0344	0.0789	0.0898	0.0109	0.0863	0.1697	0.0834	0.094	0.6164	0.5224	0.0929
0.1103	0.143	0.0327	0.0673	0.1676	0.1003	0.061	0.0869	0.0259	0.0842	0.4505	0.3663	0.0768	0.336	0.2592	0.0872	0.1693	0.0821	0.0763	0.1131	0.0368	0.0871	0.085	-0.0021	0.0927	0.1647	0.072	0.1032	0.5303	0.4271	0.1045
0.1111	0.1065	-0.0046	0.0695	0.1516	0.0821	0.0702	0.1074	0.0372	0.0839	0.4692	0.3853	0.0715	0.354	0.2825	0.0742	0.1964	0.1222	0.0684	0.0812	0.0128	0.0829	0.1175	0.0346	0.0908	0.1681	0.0773	0.0974	0.5203	0.4229	0.0845
0.1006	0.2005	0.0999	0.0673	0.1074	0.0401	0.0655	0.1194	0.0539	0.0882	0.502	0.4138	0.075	0.2957	0.2207	0.0842	0.146	0.0618	0.0784	0.1083	0.0299	0.0787	0.088	0.0093	0.0808	0.1325	0.0517	0.0995	0.5248	0.4253	0.1061
0.0958	0.1517	0.0559	0.0642	0.1173	0.0531	0.0694	0.1037	0.0343	0.0842	0.4908	0.4066	0.0737	0.3308	0.2571	0.0769	0.1384	0.0615	0.0803	0.1348	0.0545	0.0793	0.0703	-0.009	0.0864	0.1571	0.0707	0.0964	0.5053	0.4089	0.1045
0.1103	0.1538	0.0435	0.0647	0.1378	0.0731	0.0708	0.1004	0.0296	0.076	0.413	0.337	0.0752	0.322	0.2468	0.0805	0.1679	0.0874	0.0898	0.1287	0.0389	0.0866	0.0853	-0.0013	0.0821	0.1497	0.0676	0.0956	0.4639	0.3683	0.0974
0.1043	0.1248	0.0205	0.0673	0.1309	0.0636	0.0584	0.1078	0.0494	0.0829	0.4732	0.3903	0.0932	0.4973	0.4041	0.0987	0.3009	0.2022	0.075	0.1395	0.0645	0.0541	0.0811	0.027	0.0805	0.1528	0.0723	0.1045	0.5245	0.42	0.0903
0.1111	0.2496	0.1385	0.0985	0.1418	0.0433	0.0607	0.1499	0.0892	0.0747	0.8204	0.7457	0.0832	0.3356	0.2524	0.0819	0.7949	0.713	0.0338	0.1645	0.1307	0.0576	0.0994	0.0418	0.0789	0.1665	0.0876	0.0948	0.5686	0.4738	0.0438
0.1045	0.1142	0.0097	0.0731	0.1201	0.047	0.0774	0.1234	0.046	0.0789	0.404	0.3251	0.0771	0.3527	0.2756	0.0798	0.159	0.0792	0.0805	0.1571	0.0766	0.083	0.0695	-0.0135	0.0843	0.1579	0.0736	0.1006	0.5016	0.401	0.0974
0.1106	0.6449	0.5343	0.0731	0.1826	0.1095	0.0742	0.0998	0.0256	0.0929	0.4974	0.4045	0.0839	0.47	0.3861	0.1064	0.2759	0.1695	0.0948	0.1274	0.0326	0.0652	0.1009	0.0357	0.095	0.1607	0.0657	0.0942	0.5445	0.4503	0.0523
0.1407	0.2507	0.11	0.1085	0.1574	0.0489	0.0713	0.1238	0.0525	0.0737	0.4489	0.3752	0.0842	0.3387	0.2545	0.0872	0.1543	0.0671	0.0961	0.14	0.0439	0.0771	0.075	-0.0021	0.0948	0.1668	0.072	0.1037	0.5118	0.4081	0.1175
0.1243	0.1865	0.0622	0.0795	0.1313	0.0518	0.0774	0.1146	0.0372	0.0869	0.4355	0.3486	0.0832	0.4007	0.3175	0.0787	0.4651	0.3864	0.0884	0.5281	0.4397	0.0985	0.6102	0.5117	0.0781	0.1792	0.1011	0.0985	0.585	0.4865	0.0847
0.0934	0.1556	0.0622	0.071	0.1233	0.0523	0.0676	0.1267	0.0591	0.0816	0.4772	0.3956	0.08	0.4186	0.3386	0.0772	0.1867	0.1095	0.0763	0.1447	0.0684	0.0827	0.0803	-0.0024	0.0877	0.1735	0.0858	0.0966	0.4622	0.3656	0.1093
0.1338	0.2675	0.1337	0.0737	0.1315	0.0578	0.0739	0.1336	0.0597	0.0932	0.7587	0.6655	0.0789	0.9525	0.8736	0.0966	0.5658	0.4692	0.1077	0.1727	0.065	0.0541	0.1091	0.055	0.0692	0.1653	0.0961	0.0927	0.6412	0.5485	0.1373
0.1212	0.1618	0.0406	0.0665	0.1283	0.0618	0.0876	0.1161	0.0285	0.081	0.4396	0.3586	0.0871	1.8787	1.7916	0.0655	0.287	0.2215	0.0964	0.7557	0.6593	0.1138	0.3477	0.2339	0.0834	0.2721	0.1887	0.0948	0.5077	0.4129	0.0979
0.1206	0.4132	0.2926	0.0752	0.1578	0.0826	0.0784	0.1357	0.0573	0.0839	0.6206	0.5367	0.0763	0.7662	0.6899	0.1164	0.4035	0.2871	0.1032	0.1577	0.0545	0.0729	0.1036	0.0307	0.0715	0.1575	0.086	0.0985	0.676	0.5775	0.123