0.053	0.8562	0.8032	0.0488	0.5694	0.5206	0.0515	0.7113	0.6598	0.0723	2.207	2.1347	0.0673	1.926	1.8587	0.0546	1.7986	1.744	0.043	0.1831	0.1401	0.0573	0.5281	0.4708	0.037	0.7065	0.6695	0.0522	2.2453	2.1931	0.0475
0.0385	0.6523	0.6138	0.0319	0.5219	0.49	0.0343	1.0393	1.005	0.053	0.6891	0.6361	0.0375	1.7786	1.7411	0.0338	0.8347	0.8009	0.0435	0.9895	0.946	0.0441	0.2649	0.2208	0.0248	0.5424	0.5176	0.0343	1.5181	1.4838	0.0185
0.0438	0.7004	0.6566	0.0309	0.5193	0.4884	0.018	0.6926	0.6746	0.037	1.2055	1.1685	0.0264	0.7826	0.7562	0.0438	1.1778	1.134	0.0348	0.2279	0.1931	0.0098	0.6665	0.6567	0.0296	1.466	1.4364	0.0404	1.6001	1.5597	0.033
0.0288	1.0709	1.0421	0.0317	0.6522	0.6205	0.0359	0.903	0.8671	0.0493	1.1131	1.0638	0.038	1.5531	1.5151	0.0354	1.1507	1.1153	0.0393	0.2612	0.2219	0.0522	0.4739	0.4217	0.0343	0.8729	0.8386	0.043	2.2498	2.2068	0.0375
0.0372	2.7348	2.6976	0.042	0.5149	0.4729	0.0438	0.4642	0.4204	0.0343	0.2505	0.2162	0.0428	0.7868	0.744	0.038	0.6282	0.5902	0.0467	0.3377	0.291	0.0451	0.2925	0.2474	0.0354	0.4642	0.4288	0.0359	1.7633	1.7274	0.0475
0.0591	1.0938	1.0347	0.0422	0.6946	0.6524	0.0417	1.1121	1.0704	0.0354	1.3687	1.3333	0.0304	0.8143	0.7839	0.0391	0.6712	0.6321	0.0367	0.4474	0.4107	0.0525	0.3028	0.2503	0.0433	1.1002	1.0569	0.037	2.2823	2.2453	0.0515
0.0372	1.0951	1.0579	0.0351	0.542	0.5069	0.0399	0.6372	0.5973	0.0449	1.6967	1.6518	0.0404	1.6467	1.6063	0.0364	0.7161	0.6797	0.042	0.4685	0.4265	0.0544	0.4566	0.4022	0.0433	1.0277	0.9844	0.0536	1.6173	1.5637	0.0675
0.0549	0.9596	0.9047	0.0404	0.6359	0.5955	0.0544	1.9251	1.8707	0.0359	1.2299	1.194	0.0422	0.6241	0.5819	0.0391	0.5489	0.5098	0.0401	0.3857	0.3456	0.0451	0.3257	0.2806	0.0406	1.4448	1.4042	0.0522	1.7095	1.6573	0.0483
0.0501	1.0271	0.977	0.0367	0.4827	0.446	0.0414	0.7434	0.702	0.0425	0.1696	0.1271	0.0404	0.7588	0.7184	0.0446	0.5726	0.528	0.0401	0.243	0.2029	0.0562	0.3168	0.2606	0.0243	0.6865	0.6622	0.0285	1.0318	1.0033	0.0459
0.0496	1.9487	1.8991	0.0364	0.8592	0.8228	0.0433	0.5525	0.5092	0.0557	0.6311	0.5754	0.0499	0.3127	0.2628	0.0341	0.5592	0.5251	0.0438	0.32	0.2762	0.0488	0.354	0.3052	0.0364	1.0306	0.9942	0.0317	1.002	0.9703	0.0401
0.0433	0.4061	0.3628	0.0367	0.5786	0.5419	0.0422	0.3737	0.3315	0.0486	1.1556	1.107	0.0412	0.3685	0.3273	0.0261	0.537	0.5109	0.0457	0.2436	0.1979	0.0573	0.3274	0.2701	0.0396	0.9602	0.9206	0.0393	0.8169	0.7776	0.0512
0.0491	0.6073	0.5582	0.038	0.6177	0.5797	0.0517	0.7922	0.7405	0.0515	0.2058	0.1543	0.0464	0.7915	0.7451	0.0399	0.6246	0.5847	0.0467	0.2688	0.2221	0.0615	0.3516	0.2901	0.0396	0.6846	0.645	0.0375	2.4624	2.4249	0.0604
0.0414	0.5577	0.5163	0.0367	0.5481	0.5114	0.0541	0.7709	0.7168	0.0467	0.5245	0.4778	0.0478	0.3733	0.3255	0.0312	0.6858	0.6546	0.0422	0.411	0.3688	0.0412	0.2828	0.2416	0.0306	0.9151	0.8845	0.0367	2.0241	1.9874	0.0441
0.0512	0.8707	0.8195	0.0359	0.6646	0.6287	0.043	0.5504	0.5074	0.0459	0.1627	0.1168	0.0406	0.6678	0.6272	0.0327	0.5697	0.537	0.0393	0.2005	0.1612	0.0554	0.3339	0.2785	0.0275	0.614	0.5865	0.0375	1.1389	1.1014	0.0341
0.0496	0.8467	0.7971	0.0348	0.74	0.7052	0.0375	0.6939	0.6564	0.0536	1.3663	1.3127	0.0404	0.7979	0.7575	0.033	0.5565	0.5235	0.0428	0.3272	0.2844	0.0483	0.2947	0.2464	0.0317	0.7448	0.7131	0.0312	1.0432	1.012	0.0428
0.0451	0.6347	0.5896	0.0335	0.5865	0.553	0.047	0.9592	0.9122	0.0343	1.1927	1.1584	0.0341	0.5171	0.483	0.0275	0.6828	0.6553	0.0356	0.3793	0.3437	0.0459	0.2822	0.2363	0.0362	0.7134	0.6772	0.0362	0.9815	0.9453	0.0399
0.0417	2.5608	2.5191	0.0554	0.7339	0.6785	0.048	0.616	0.568	0.0449	0.4761	0.4312	0.0362	0.5439	0.5077	0.0322	0.7728	0.7406	0.0446	0.2892	0.2446	0.0528	0.3292	0.2764	0.0338	0.8086	0.7748	0.0472	1.2211	1.1739	0.0472
0.0451	0.6579	0.6128	0.048	0.3916	0.3436	0.0388	0.4368	0.398	0.0536	0.3099	0.2563	0.0443	0.5901	0.5458	0.0435	0.6094	0.5659	0.0446	0.2525	0.2079	0.062	0.3229	0.2609	0.0322	0.5517	0.5195	0.0351	0.636	0.6009	0.0438
0.0396	0.4063	0.3667	0.0377	0.5195	0.4818	0.0383	0.748	0.7097	0.0525	0.3563	0.3038	0.0428	0.65	0.6072	0.0375	0.6642	0.6267	0.0472	0.2174	0.1702	0.0475	0.3701	0.3226	0.0261	0.6648	0.6387	0.0285	0.6808	0.6523	0.0375
0.0362	1.0379	1.0017	0.0225	0.6035	0.581	0.0414	0.1783	0.1369	0.0517	0.5733	0.5216	0.0346	0.4123	0.3777	0.0314	0.5098	0.4784	0.0356	0.1639	0.1283	0.0499	0.3379	0.288	0.0414	0.6305	0.5891	0.0406	1.2675	1.2269	0.0483
0.0467	5.5353	5.4886	0.0367	0.6976	0.6609	0.0396	0.9106	0.871	0.0388	0.4101	0.3713	0.0428	0.6091	0.5663	0.0298	0.5971	0.5673	0.0414	0.2656	0.2242	0.057	0.3783	0.3213	0.0441	0.9678	0.9237	0.0356	0.9413	0.9057	0.0491
0.0438	1.1397	1.0959	0.0367	0.7039	0.6672	0.0433	0.5916	0.5483	0.0499	0.4908	0.4409	0.0325	0.5469	0.5144	0.029	0.6382	0.6092	0.037	0.2602	0.2232	0.0546	0.3917	0.3371	0.0343	0.7133	0.679	0.0341	2.569	2.5349	0.0443
0.0438	1.4775	1.4337	0.0362	0.6963	0.6601	0.0449	1.5852	1.5403	0.0238	2.1297	2.1059	0.0304	0.5215	0.4911	0.0372	0.5826	0.5454	0.0457	0.5176	0.4719	0.0573	0.4635	0.4062	0.0425	0.6617	0.6192	0.0475	5.6724	5.6249	0.0435
0.0512	0.6645	0.6133	0.0396	0.4956	0.456	0.0449	1.1601	1.1152	0.0438	1.5023	1.4585	0.043	0.7155	0.6725	0.033	0.604	0.571	0.0412	0.6821	0.6409	0.0562	1.1788	1.1226	0.0362	0.5686	0.5324	0.0414	3.5931	3.5517	0.0433
0.0467	0.5007	0.454	0.0356	0.5667	0.5311	0.0422	0.8323	0.7901	0.057	0.1947	0.1377	0.0428	0.7219	0.6791	0.0551	0.668	0.6129	0.0393	0.1462	0.1069	0.0472	0.4352	0.388	0.0459	0.7959	0.75	0.0454	0.6373	0.5919	0.0528
0.0462	0.5335	0.4873	0.0399	0.5338	0.4939	0.0304	1.841	1.8106	0.0472	0.8544	0.8072	0.0343	0.3152	0.2809	0.0203	0.6493	0.629	0.0467	0.1908	0.1441	0.0594	0.3746	0.3152	0.0396	0.4729	0.4333	0.0425	0.592	0.5495	0.0562
0.0528	0.7349	0.6821	0.0433	0.1507	0.1074	0.0541	0.8125	0.7584	0.0551	0.9367	0.8816	0.0335	0.3363	0.3028	0.0306	0.548	0.5174	0.0425	0.1613	0.1188	0.0559	0.4012	0.3453	0.0325	0.5797	0.5472	0.0406	0.6523	0.6117	0.0404
0.0428	0.5253	0.4825	0.0348	0.6065	0.5717	0.0446	0.1984	0.1538	0.0554	0.688	0.6326	0.042	0.6539	0.6119	0.0372	0.5823	0.5451	0.0396	0.3714	0.3318	0.0565	0.3139	0.2574	0.0417	2.3138	2.2721	0.0359	1.4284	1.3925	0.048
0.0377	0.6671	0.6294	0.0388	0.5633	0.5245	0.043	0.4599	0.4169	0.0565	0.3263	0.2698	0.0433	0.628	0.5847	0.0248	0.706	0.6812	0.0362	0.1935	0.1573	0.0457	0.3176	0.2719	0.0367	0.7025	0.6658	0.0559	1.2071	1.1512	0.0515
0.0467	0.5701	0.5234	0.0314	0.6053	0.5739	0.0383	0.6005	0.5622	0.0665	1.2743	1.2078	0.0362	0.6373	0.6011	0.0301	0.6813	0.6512	0.0396	0.3459	0.3063	0.0499	0.4236	0.3737	0.042	2.27	2.228	0.0422	1.4548	1.4126	0.0499
0.0459	0.6088	0.5629	0.0435	0.5899	0.5464	0.0536	0.4044	0.3508	0.0575	1.1993	1.1418	0.0544	0.5864	0.532	0.0372	0.5662	0.529	0.0443	0.1778	0.1335	0.0631	0.4163	0.3532	0.0417	0.7202	0.6785	0.0417	0.7309	0.6892	0.0515
0.0538	0.5877	0.5339	0.0668	0.1665	0.0997	0.0517	0.6118	0.5601	0.0451	0.6888	0.6437	0.0412	0.3556	0.3144	0.0312	0.6291	0.5979	0.0385	0.3601	0.3216	0.0496	0.2105	0.1609	0.037	0.8313	0.7943	0.0438	1.9331	1.8893	0.0467
0.0409	0.4158	0.3749	0.0267	0.6098	0.5831	0.0393	0.7743	0.735	0.0417	2.2077	2.166	0.0285	1.0435	1.015	0.0401	0.7145	0.6744	0.0393	0.3034	0.2641	0.0565	0.262	0.2055	0.0393	0.7313	0.692	0.0409	1.4155	1.3746	0.043
0.0367	3.4959	3.4592	0.0296	0.4938	0.4642	0.0359	0.7224	0.6865	0.0499	3.6049	3.555	0.024	0.6934	0.6694	0.0312	0.5674	0.5362	0.0441	0.262	0.2179	0.061	0.3633	0.3023	0.0285	0.62	0.5915	0.048	2.1823	2.1343	0.0504
0.0472	0.6418	0.5946	0.0351	0.5491	0.514	0.0406	0.7632	0.7226	0.0454	0.1904	0.145	0.0372	0.6121	0.5749	0.0343	0.5352	0.5009	0.0428	0.2367	0.1939	0.0578	0.4012	0.3434	0.0319	0.5593	0.5274	0.0335	0.718	0.6845	0.0457
0.057	1.1139	1.0569	0.0425	0.5285	0.486	0.0393	0.4824	0.4431	0.0483	0.1562	0.1079	0.0364	0.754	0.7176	0.0327	0.5651	0.5324	0.0406	0.1828	0.1422	0.0594	0.3448	0.2854	0.0335	0.5124	0.4789	0.0362	0.4662	0.43	0.0462
0.0404	0.7254	0.685	0.0536	0.1712	0.1176	0.0528	0.5053	0.4525	0.0499	0.3932	0.3433	0.0333	1.0252	0.9919	0.0309	0.7593	0.7284	0.0428	0.1455	0.1027	0.0559	0.8133	0.7574	0.0375	0.6279	0.5904	0.0399	0.7236	0.6837	0.0504
0.0406	0.6871	0.6465	0.0409	0.5881	0.5472	0.0393	0.5855	0.5462	0.053	0.1519	0.0989	0.0359	0.7055	0.6696	0.0388	0.5442	0.5054	0.0428	0.1502	0.1074	0.0631	0.4305	0.3674	0.0372	0.7347	0.6975	0.0406	0.5186	0.478	0.0414
0.042	0.505	0.463	0.0317	0.4589	0.4272	0.0375	0.4792	0.4417	0.0551	0.1783	0.1232	0.0227	0.7037	0.681	0.0377	0.5749	0.5372	0.0404	0.1307	0.0903	0.0607	0.8403	0.7796	0.0425	0.4439	0.4014	0.0359	0.5571	0.5212	0.0525
0.0472	0.5724	0.5252	0.0393	1.418	1.3787	0.0454	0.6343	0.5889	0.0459	0.2711	0.2252	0.038	1.4719	1.4339	0.0319	0.6527	0.6208	0.0388	0.1515	0.1127	0.0441	0.4339	0.3898	0.0317	0.6467	0.615	0.0246	0.6948	0.6702	0.0348
0.0372	0.5332	0.496	0.0267	0.5621	0.5354	0.038	0.562	0.524	0.0499	0.5064	0.4565	0.0391	1.06	1.0209	0.0364	0.681	0.6446	0.0451	0.1391	0.094	0.0557	0.368	0.3123	0.0441	0.7284	0.6843	0.0409	1.2533	1.2124	0.0364
0.0612	0.7444	0.6832	0.0581	0.1605	0.1024	0.053	0.8629	0.8099	0.0383	1.6052	1.5669	0.0319	0.9388	0.9069	0.0391	2.0407	2.0016	0.0375	0.1668	0.1293	0.0573	0.2889	0.2316	0.0443	0.8491	0.8048	0.0704	3.5527	3.4823	0.0441
0.0478	0.5419	0.4941	0.0362	0.6182	0.582	0.0428	0.6749	0.6321	0.0496	0.1543	0.1047	0.0364	0.6709	0.6345	0.0354	0.6124	0.577	0.0396	0.4835	0.4439	0.0607	0.1808	0.1201	0.0446	0.8336	0.789	0.0348	2.311	2.2762	0.0351
0.0351	1.3348	1.2997	0.0491	0.1362	0.0871	0.0478	0.7886	0.7408	0.0478	0.4122	0.3644	0.0435	0.7989	0.7554	0.0417	1.0267	0.985	0.037	0.5039	0.4669	0.0499	0.2483	0.1984	0.038	0.9786	0.9406	0.0472	5.8836	5.8364	0.0507
0.0428	0.8697	0.8269	0.0446	0.5396	0.495	0.0501	0.6123	0.5622	0.0462	0.3191	0.2729	0.0404	0.8978	0.8574	0.0393	1.4343	1.395	0.0451	0.4713	0.4262	0.0549	0.3595	0.3046	0.0356	1.3343	1.2987	0.0399	1.0123	0.9724	0.0443
0.0509	1.209	1.1581	0.0406	0.5306	0.49	0.0441	0.3194	0.2753	0.0501	1.0126	0.9625	0.0372	0.7688	0.7316	0.0301	0.7142	0.6841	0.0356	0.4808	0.4452	0.0483	0.3216	0.2733	0.0356	0.7315	0.6959	0.0412	0.6819	0.6407	0.0449
0.0428	0.6825	0.6397	0.029	0.5923	0.5633	0.0449	0.8321	0.7872	0.0385	0.6429	0.6044	0.033	5.4445	5.4115	0.0372	0.6185	0.5813	0.0459	0.2314	0.1855	0.0652	0.2968	0.2316	0.0325	0.7664	0.7339	0.0383	2.0268	1.9885	0.0399
0.0446	0.4375	0.3929	0.0343	0.5267	0.4924	0.0404	0.4763	0.4359	0.0491	0.3386	0.2895	0.0446	0.6475	0.6029	0.0409	0.6011	0.5602	0.0388	0.1942	0.1554	0.0588	0.3421	0.2833	0.0341	0.5433	0.5092	0.0333	3.1573	3.124	0.0354
0.0562	0.9089	0.8527	0.0375	2.7428	2.7053	0.0472	0.6271	0.5799	0.0325	0.5628	0.5303	0.0383	0.7599	0.7216	0.0346	0.7506	0.716	0.047	0.5637	0.5167	0.0546	0.1799	0.1253	0.0409	0.6071	0.5662	0.0435	0.9809	0.9374	0.0551
0.047	0.4757	0.4287	0.0433	0.474	0.4307	0.0422	0.3766	0.3344	0.0472	0.1614	0.1142	0.0478	0.8135	0.7657	0.0399	0.523	0.4831	0.0346	0.1331	0.0985	0.0507	0.3643	0.3136	0.0362	0.6472	0.611	0.0359	0.833	0.7971	0.0433
0.0478	1.1458	1.098	0.0501	0.1303	0.0802	0.047	0.672	0.625	0.0509	0.3573	0.3064	0.0562	0.7789	0.7227	0.043	0.6393	0.5963	0.0507	0.1299	0.0792	0.0615	0.3176	0.2561	0.0393	0.6906	0.6513	0.0562	1.8464	1.7902	0.0491
0.0515	0.9404	0.8889	0.048	0.1403	0.0923	0.0457	1.0939	1.0482	0.0565	1.7745	1.718	0.0507	0.5228	0.4721	0.0464	0.6034	0.557	0.0486	0.1631	0.1145	0.0662	0.3569	0.2907	0.0438	0.7049	0.6611	0.0433	0.6547	0.6114	0.0517
0.048	0.5579	0.5099	0.042	0.124	0.082	0.0499	0.7179	0.668	0.0438	0.4053	0.3615	0.0573	0.4645	0.4072	0.0314	0.5736	0.5422	0.0457	0.1291	0.0834	0.057	0.417	0.36	0.0462	0.788	0.7418	0.0422	1.0579	1.0157	0.048
0.0406	1.2259	1.1853	0.0406	0.1609	0.1203	0.0409	0.8853	0.8444	0.0457	0.2651	0.2194	0.0546	0.4453	0.3907	0.0417	0.58	0.5383	0.0433	0.3459	0.3026	0.0544	0.32	0.2656	0.0385	0.6967	0.6582	0.048	1.195	1.147	0.0478
0.0512	0.505	0.4538	0.0499	0.2063	0.1564	0.042	0.6609	0.6189	0.0451	0.3006	0.2555	0.0581	0.6497	0.5916	0.0417	0.59	0.5483	0.043	0.1386	0.0956	0.0546	0.397	0.3424	0.0449	0.7374	0.6925	0.0404	0.6492	0.6088	0.043
0.0417	0.6268	0.5851	0.0428	0.9819	0.9391	0.0435	0.1878	0.1443	0.0549	1.3563	1.3014	0.0501	0.4818	0.4317	0.0544	1.3232	1.2688	0.0475	0.1742	0.1267	0.0486	0.3422	0.2936	0.0343	0.6221	0.5878	0.0467	0.7248	0.6781	0.0586
0.0491	0.9008	0.8517	0.0533	0.1446	0.0913	0.0451	0.7674	0.7223	0.047	0.3642	0.3172	0.0504	0.416	0.3656	0.0304	1.3094	1.279	0.0533	0.1436	0.0903	0.0607	0.3928	0.3321	0.0417	0.5008	0.4591	0.0409	1.1196	1.0787	0.0509
0.0417	0.934	0.8923	0.0578	0.142	0.0842	0.0414	0.6675	0.6261	0.0449	0.7598	0.7149	0.0509	0.4041	0.3532	0.0338	0.7087	0.6749	0.0438	0.1665	0.1227	0.0549	0.4007	0.3458	0.0517	1.4179	1.3662	0.0522	1.47	1.4178	0.0507
0.043	1.0772	1.0342	0.0586	0.254	0.1954	0.038	0.8542	0.8162	0.0491	0.4573	0.4082	0.0504	0.4041	0.3537	0.0385	0.7081	0.6696	0.0451	0.1879	0.1428	0.0607	0.4123	0.3516	0.037	0.6599	0.6229	0.0441	1.3986	1.3545	0.0504
0.0525	2.3796	2.3271	0.0554	0.1934	0.138	0.0433	0.821	0.7777	0.048	0.1622	0.1142	0.0457	0.7338	0.6881	0.0451	0.7542	0.7091	0.0459	0.1459	0.1	0.0567	0.3445	0.2878	0.0383	0.6543	0.616	0.0509	0.8717	0.8208	0.0504
0.0459	0.8957	0.8498	0.0435	0.1116	0.0681	0.043	0.6825	0.6395	0.0435	0.1875	0.144	0.0446	0.6462	0.6016	0.0327	0.6082	0.5755	0.0433	0.1333	0.09	0.0596	0.3664	0.3068	0.0438	0.5825	0.5387	0.0464	0.878	0.8316	0.0443
0.0428	0.775	0.7322	0.0536	0.1225	0.0689	0.0422	0.9293	0.8871	0.0509	0.1825	0.1316	0.0467	0.8181	0.7714	0.0399	0.6051	0.5652	0.0367	0.1341	0.0974	0.0652	0.4202	0.355	0.0343	0.5804	0.5461	0.0364	0.7805	0.7441	0.0496
0.0393	0.9894	0.9501	0.062	0.1625	0.1005	0.0522	0.6601	0.6079	0.0464	0.2059	0.1595	0.0565	0.5342	0.4777	0.0367	0.5905	0.5538	0.0457	0.2098	0.1641	0.0641	0.3772	0.3131	0.0425	0.5889	0.5464	0.0404	1.3048	1.2644	0.0462
0.0428	1.0406	0.9978	0.0623	0.3498	0.2875	0.0435	0.6005	0.557	0.0483	0.1886	0.1403	0.0486	0.6175	0.5689	0.0351	0.6232	0.5881	0.0449	0.1674	0.1225	0.0583	0.345	0.2867	0.0383	0.677	0.6387	0.0464	0.7261	0.6797	0.0451
0.0512	0.7528	0.7016	0.0496	0.2081	0.1585	0.0319	0.5501	0.5182	0.0459	0.1427	0.0968	0.0491	0.44	0.3909	0.0415	0.6699	0.6284	0.0512	0.1091	0.0579	0.0628	0.3566	0.2938	0.0404	0.489	0.4486	0.0391	0.9598	0.9207	0.0505
0.0504	0.42	0.3696	0.0567	0.1738	0.1171	0.0446	0.49	0.4454	0.048	0.3834	0.3354	0.0515	0.4661	0.4146	0.0409	0.7479	0.707	0.0596	0.2132	0.1536	0.0565	0.373	0.3165	0.042	0.5153	0.4733	0.0406	0.7984	0.7578	0.0702
0.043	0.8654	0.8224	0.0472	0.124	0.0768	0.0438	0.6643	0.6205	0.0496	0.1728	0.1232	0.0393	0.3915	0.3522	0.0341	0.6707	0.6366	0.0483	0.1605	0.1122	0.0512	0.3176	0.2664	0.0335	0.5878	0.5543	0.0367	0.4862	0.4495	0.0499
0.0522	1.0742	1.022	0.0446	0.105	0.0604	0.0478	0.565	0.5172	0.0493	0.3971	0.3478	0.0435	0.7746	0.7311	0.0464	0.7706	0.7242	0.0425	0.1175	0.075	0.0617	0.37	0.3083	0.0367	0.519	0.4823	0.0356	0.8034	0.7678	0.037
0.0333	0.7244	0.6911	0.0578	0.1522	0.0944	0.0325	0.6311	0.5986	0.043	0.3365	0.2935	0.0467	0.3614	0.3147	0.0362	0.6971	0.6609	0.0359	0.1486	0.1127	0.0628	0.3387	0.2759	0.0348	0.631	0.5962	0.0428	2.3229	2.2801	0.0697
0.0472	0.7612	0.714	0.0451	0.1227	0.0776	0.0496	0.6037	0.5541	0.0406	0.3926	0.352	0.0536	0.4769	0.4233	0.0478	0.8635	0.8157	0.0496	0.5167	0.4671	0.0522	0.2026	0.1504	0.0375	0.5182	0.4807	0.0512	1.1241	1.0729	0.0512
0.0438	0.9016	0.8578	0.0507	0.1433	0.0926	0.0515	0.8943	0.8428	0.0433	0.1883	0.145	0.047	0.5508	0.5038	0.0472	1.047	0.9998	0.0462	0.565	0.5188	0.0478	0.2562	0.2084	0.043	1.3125	1.2695	0.0483	1.5974	1.5491	0.0496
0.0451	1.0075	0.9624	0.0504	0.1554	0.105	0.0451	0.5952	0.5501	0.0451	0.3283	0.2832	0.0641	0.4798	0.4157	0.0433	0.7356	0.6923	0.0488	0.59	0.5412	0.0586	0.1315	0.0729	0.0409	0.6553	0.6144	0.0422	1.0914	1.0492	0.048
0.0483	0.5659	0.5176	0.0583	0.167	0.1087	0.048	0.6445	0.5965	0.0499	0.1984	0.1485	0.0454	0.4192	0.3738	0.0454	0.6024	0.557	0.0414	0.3632	0.3218	0.053	0.2213	0.1683	0.0441	0.5646	0.5205	0.0399	1.0387	0.9988	0.0454
0.0493	0.7528	0.7035	0.0496	0.128	0.0784	0.0438	0.735	0.6912	0.0459	0.2192	0.1733	0.0504	0.4835	0.4331	0.0451	0.7629	0.7178	0.0443	0.6609	0.6166	0.0567	0.1752	0.1185	0.0446	0.7613	0.7167	0.0412	1.1695	1.1283	0.062
0.0446	0.7323	0.6877	0.0517	0.1664	0.1147	0.0496	0.6467	0.5971	0.0501	0.1862	0.1361	0.0464	0.4573	0.4109	0.0356	0.6677	0.6321	0.0443	0.2063	0.162	0.0522	0.4328	0.3806	0.038	0.5883	0.5503	0.043	1.04	0.997	0.053
0.0488	0.6044	0.5556	0.0464	0.1353	0.0889	0.0467	0.61	0.5633	0.0364	0.4997	0.4633	0.0269	0.5457	0.5188	0.0383	0.5544	0.5161	0.0393	0.1633	0.124	0.0623	0.3248	0.2625	0.0409	0.5227	0.4818	0.0372	0.9685	0.9313	0.047
0.048	0.6368	0.5888	0.0409	0.1741	0.1332	0.0406	0.5261	0.4855	0.0488	0.3133	0.2645	0.0501	0.3241	0.274	0.0444	0.5755	0.5311	0.0391	0.1231	0.084	0.0512	0.3954	0.3442	0.0462	0.5449	0.4987	0.0375	0.4704	0.4329	0.0517
0.0507	0.6097	0.559	0.048	0.1282	0.0802	0.0401	0.649	0.6089	0.0414	0.1669	0.1255	0.0412	0.4115	0.3703	0.0384	0.5574	0.519	0.0401	0.162	0.1219	0.0604	0.3566	0.2962	0.0375	0.6538	0.6163	0.0312	0.5865	0.5553	0.0435
0.0475	0.6223	0.5748	0.0488	0.3162	0.2674	0.0507	0.6475	0.5968	0.0496	0.1517	0.1021	0.0438	0.4031	0.3593	0.0415	0.5637	0.5222	0.0446	0.074	0.0294	0.0617	0.4655	0.4038	0.0446	0.7265	0.6819	0.0406	0.7293	0.6887	0.0454
0.0457	0.6355	0.5898	0.0733	0.1614	0.0881	0.0348	0.6888	0.654	0.0546	0.3376	0.283	0.0586	0.3073	0.2487	0.0417	0.5776	0.5359	0.0409	0.1955	0.1546	0.0591	0.3208	0.2617	0.0354	0.5631	0.5277	0.037	0.674	0.637	0.0409
0.0517	0.838	0.7863	0.0391	0.1243	0.0852	0.042	0.5747	0.5327	0.0401	0.2387	0.1986	0.0549	0.3524	0.2975	0.042	0.6349	0.5929	0.0478	0.17	0.1222	0.057	0.3764	0.3194	0.0304	0.4943	0.4639	0.0375	0.8776	0.8401	0.0517
0.0409	0.752	0.7111	0.0449	0.1196	0.0747	0.0462	0.5723	0.5261	0.0496	0.2239	0.1743	0.0449	0.9342	0.8893	0.0391	0.5793	0.5402	0.047	0.0693	0.0223	0.0686	0.3561	0.2875	0.0343	0.4288	0.3945	0.0333	0.4707	0.4374	0.0551
0.0475	0.7249	0.6774	0.0462	0.0984	0.0522	0.0464	0.6635	0.6171	0.0499	0.3002	0.2503	0.0607	0.3498	0.2891	0.0393	0.5705	0.5312	0.0385	0.1952	0.1567	0.0491	0.3506	0.3015	0.0399	0.4977	0.4578	0.0472	1.1249	1.0777	0.0507
0.0391	1.1215	1.0824	0.0443	0.1867	0.1424	0.0314	0.7835	0.7521	0.0377	0.8412	0.8035	0.0496	0.3764	0.3268	0.037	0.5415	0.5045	0.033	0.1995	0.1665	0.0512	0.4938	0.4426	0.0428	0.6522	0.6094	0.0399	1.0933	1.0534	0.0591
0.0364	0.5484	0.512	0.0483	0.2166	0.1683	0.0359	0.8745	0.8386	0.0486	3.0291	2.9805	0.0567	0.3068	0.2501	0.0583	1.1269	1.0686	0.0525	0.2662	0.2137	0.0617	0.4106	0.3489	0.0446	0.5296	0.485	0.0449	0.9915	0.9466	0.0471
0.0501	0.5809	0.5308	0.0483	0.1206	0.0723	0.0472	0.5997	0.5525	0.0475	0.2118	0.1643	0.0573	0.3749	0.3176	0.0459	0.5828	0.5369	0.0464	0.1604	0.114	0.0591	0.3411	0.282	0.0354	0.4581	0.4227	0.037	0.5013	0.4643	0.0491
0.0457	0.6696	0.6239	0.0536	0.1813	0.1277	0.0396	0.48	0.4404	0.0501	0.2373	0.1872	0.0567	0.4426	0.3859	0.0372	0.5222	0.485	0.0454	0.1945	0.1491	0.0536	0.3374	0.2838	0.0348	0.4828	0.448	0.0362	0.4841	0.4479	0.0501
0.0491	0.6289	0.5798	0.0441	0.1496	0.1055	0.0417	0.5681	0.5264	0.0364	0.3621	0.3257	0.0454	0.3814	0.336	0.0385	0.5998	0.5613	0.0417	0.1375	0.0958	0.0649	0.3179	0.253	0.0333	0.4307	0.3974	0.0362	0.5609	0.5247	0.0443
0.0454	0.593	0.5476	0.0557	0.2179	0.1622	0.0504	0.5433	0.4929	0.0488	0.1646	0.1158	0.0457	0.6888	0.6431	0.0385	0.5657	0.5272	0.0464	0.0963	0.0499	0.062	0.4455	0.3835	0.0457	0.4708	0.4251	0.0372	0.829	0.7918	0.0462
0.0422	0.5353	0.4931	0.0554	0.2909	0.2355	0.0464	0.6553	0.6089	0.0525	0.1601	0.1076	0.0446	0.4676	0.423	0.0451	0.5531	0.508	0.0428	0.1291	0.0863	0.0586	0.3709	0.3123	0.0375	0.5504	0.5129	0.0409	0.4643	0.4234	0.0483
0.0443	0.5115	0.4672	0.0528	0.1578	0.105	0.0501	0.5897	0.5396	0.0486	0.3152	0.2666	0.0422	0.4486	0.4064	0.0422	0.5845	0.5423	0.0356	0.1633	0.1277	0.0581	0.3762	0.3181	0.0362	0.5929	0.5567	0.0391	0.5864	0.5473	0.0512
0.0464	0.4472	0.4008	0.0583	0.1475	0.0892	0.0393	0.4547	0.4154	0.0467	0.2558	0.2091	0.0509	0.388	0.3371	0.0377	0.5551	0.5174	0.0359	0.1394	0.1035	0.0594	0.33	0.2706	0.0383	0.4702	0.4319	0.0393	0.5898	0.5505	0.0496
0.0464	0.8121	0.7657	0.0567	0.1097	0.053	0.0464	0.6909	0.6445	0.0565	0.2696	0.2131	0.0499	0.3902	0.3403	0.0596	0.5857	0.5261	0.0428	0.1732	0.1304	0.0578	0.5325	0.4747	0.0435	0.6244	0.5809	0.0375	0.6935	0.656	0.0459
0.0462	0.6869	0.6407	0.052	0.2008	0.1488	0.0417	0.6482	0.6065	0.0496	0.1809	0.1313	0.0541	0.3965	0.3424	0.0404	0.5711	0.5307	0.0457	0.1452	0.0995	0.0607	0.3527	0.292	0.0454	0.5201	0.4747	0.0359	0.7747	0.7388	0.0414
0.0451	0.5094	0.4643	0.0604	0.1649	0.1045	0.0599	0.4995	0.4396	0.053	0.1949	0.1419	0.0565	0.4574	0.4009	0.0478	0.6224	0.5746	0.042	0.1729	0.1309	0.0567	0.3505	0.2938	0.0301	0.4634	0.4333	0.0435	0.662	0.6185	0.0457
0.0478	0.6221	0.5743	0.0578	0.1562	0.0984	0.0462	0.4697	0.4235	0.052	0.2812	0.2292	0.0586	0.5621	0.5035	0.0435	0.6105	0.567	0.0454	0.1876	0.1422	0.0565	0.3023	0.2458	0.0428	0.5351	0.4923	0.0388	0.7285	0.6897	0.0443
0.0464	0.4872	0.4408	0.0615	0.186	0.1245	0.0559	0.4452	0.3893	0.0483	0.2851	0.2368	0.0493	0.6891	0.6398	0.0404	0.5987	0.5583	0.0446	0.1768	0.1322	0.067	0.3268	0.2598	0.0343	0.5253	0.491	0.0343	0.785	0.7507	0.0385
0.0404	0.6571	0.6167	0.0573	0.1528	0.0955	0.0509	0.4475	0.3966	0.0446	0.3492	0.3046	0.048	0.3521	0.3041	0.0383	0.5529	0.5146	0.0462	0.1191	0.0729	0.0596	0.3521	0.2925	0.0406	0.4857	0.4451	0.0391	0.476	0.4369	0.0454
0.0462	0.4285	0.3823	0.0646	0.1121	0.0475	0.0483	0.4845	0.4362	0.0327	0.2508	0.2181	0.0404	0.3599	0.3195	0.0391	0.6119	0.5728	0.0454	0.1626	0.1172	0.0557	0.3266	0.2709	0.0414	0.5005	0.4591	0.0375	0.8805	0.843	0.0486
0.037	1.4084	1.3714	0.0641	0.187	0.1229	0.0414	0.5153	0.4739	0.0457	0.2564	0.2107	0.053	0.3358	0.2828	0.0399	0.57	0.5301	0.0446	0.1573	0.1127	0.0515	0.3438	0.2923	0.0335	0.7698	0.7363	0.0343	0.5806	0.5463	0.0362
0.052	1.1054	1.0534	0.0528	0.137	0.0842	0.0449	0.7535	0.7086	0.0533	0.6445	0.5912	0.057	0.3419	0.2849	0.0333	0.5779	0.5446	0.0438	0.1968	0.153	0.072	0.4022	0.3302	0.0383	0.7129	0.6746	0.0433	0.6779	0.6346	0.047
0.0472	0.8525	0.8053	0.0517	0.139	0.0873	0.0428	0.6952	0.6524	0.0583	0.9428	0.8845	0.0499	0.6874	0.6375	0.0385	0.6045	0.566	0.0401	0.3382	0.2981	0.053	0.4584	0.4054	0.0362	0.658	0.6218	0.0425	2.1615	2.119	0.0541
0.0464	0.9361	0.8897	0.0459	0.1955	0.1496	0.0367	0.6345	0.5978	0.0491	0.5101	0.461	0.0483	0.401	0.3527	0.0346	0.5755	0.5409	0.0483	0.2006	0.1523	0.0546	0.3653	0.3107	0.0341	0.5423	0.5082	0.0406	0.8759	0.8353	0.0406
0.0412	0.9644	0.9232	0.0507	0.1383	0.0876	0.0441	0.6195	0.5754	0.0517	0.2431	0.1914	0.0472	0.6515	0.6043	0.0312	0.6059	0.5747	0.043	0.3247	0.2817	0.0652	0.3619	0.2967	0.0388	0.8357	0.7969	0.0554	0.9859	0.9305	0.0454
0.0454	0.8934	0.848	0.0459	0.2448	0.1989	0.0428	0.4484	0.4056	0.0449	0.4563	0.4114	0.0491	0.5218	0.4727	0.0335	0.5881	0.5546	0.0515	0.2879	0.2364	0.0509	0.4341	0.3832	0.038	0.5955	0.5575	0.0372	1.1011	1.0639	0.0451
0.0438	0.627	0.5832	0.0528	0.2532	0.2004	0.0409	0.5765	0.5356	0.0544	0.2258	0.1714	0.0507	0.6396	0.5889	0.0362	0.624	0.5878	0.0438	0.1784	0.1346	0.0507	0.5813	0.5306	0.0588	1.4765	1.4177	0.0417	1.8851	1.8434	0.0401
0.0496	0.7647	0.7151	0.0359	0.7071	0.6712	0.0591	0.4671	0.408	0.0623	0.3273	0.265	0.0491	0.9674	0.9183	0.0391	0.6502	0.6111	0.0435	0.2187	0.1752	0.0551	0.3278	0.2727	0.0414	0.568	0.5266	0.0399	0.8953	0.8554	0.0499
0.0488	0.6526	0.6038	0.052	0.267	0.215	0.0438	0.4792	0.4354	0.052	0.4035	0.3515	0.0509	0.5976	0.5467	0.0443	0.5825	0.5382	0.0536	0.2839	0.2303	0.0562	0.3229	0.2667	0.0425	0.5153	0.4728	0.038	0.7678	0.7298	0.0573
0.0417	1.4772	1.4355	0.0467	0.3895	0.3428	0.0359	1.1403	1.1044	0.0417	0.9095	0.8678	0.0464	0.8518	0.8054	0.0391	0.6633	0.6242	0.0433	0.262	0.2187	0.0525	0.4513	0.3988	0.048	1.1147	1.0667	0.0362	2.07	2.0338	0.0457
0.0435	0.6608	0.6173	0.0554	0.3798	0.3244	0.0549	0.5921	0.5372	0.0544	0.4921	0.4377	0.0475	0.5663	0.5188	0.0346	0.5367	0.5021	0.053	0.2722	0.2192	0.0567	0.3228	0.2661	0.0414	0.529	0.4876	0.0428	0.6759	0.6331	0.0401
0.0354	1.3117	1.2763	0.0472	0.2524	0.2052	0.0401	0.5596	0.5195	0.0515	0.7706	0.7191	0.0512	0.6584	0.6072	0.0441	0.613	0.5689	0.0438	0.2876	0.2438	0.0633	0.3558	0.2925	0.0388	0.6493	0.6105	0.0425	0.9453	0.9028	0.0457
0.0451	0.6009	0.5558	0.061	0.2973	0.2363	0.0428	0.5502	0.5074	0.0538	0.4051	0.3513	0.0428	1.0391	0.9963	0.0475	0.6752	0.6277	0.0435	0.3126	0.2691	0.0557	0.5296	0.4739	0.042	0.692	0.65	0.0446	1.0845	1.0399	0.0401
0.0343	0.91	0.8757	0.0596	0.2651	0.2055	0.0438	0.4629	0.4191	0.0607	0.3281	0.2674	0.0488	0.8073	0.7585	0.0433	0.7929	0.7496	0.0435	0.4761	0.4326	0.0491	0.4125	0.3634	0.0417	0.5833	0.5416	0.043	0.6162	0.5732	0.0544
0.0377	1.657	1.6193	0.0607	0.2332	0.1725	0.0433	0.499	0.4557	0.0486	0.2999	0.2513	0.057	0.6924	0.6354	0.0383	0.8693	0.831	0.0522	0.475	0.4228	0.0644	0.2298	0.1654	0.0314	0.5512	0.5198	0.0396	0.703	0.6634	0.0504
0.0443	0.935	0.8907	0.053	0.5385	0.4855	0.042	2.2099	2.1679	0.0504	0.2086	0.1582	0.0538	0.5974	0.5436	0.0377	0.5907	0.553	0.0367	0.276	0.2393	0.0551	0.4357	0.3806	0.0551	0.5738	0.5187	0.0356	0.6518	0.6162	0.0385
0.0388	0.4427	0.4039	0.0546	0.2875	0.2329	0.0451	0.4502	0.4051	0.057	0.2047	0.1477	0.0422	0.6496	0.6074	0.0391	0.5819	0.5428	0.0414	0.1694	0.128	0.0628	0.4281	0.3653	0.0435	0.5986	0.5551	0.0399	0.5633	0.5234	0.0412
0.0433	0.5677	0.5244	0.0575	0.1952	0.1377	0.0467	0.389	0.3423	0.0507	0.2245	0.1738	0.0367	0.5898	0.5531	0.0301	0.5742	0.5441	0.0414	0.1747	0.1333	0.0741	0.4505	0.3764	0.0327	1.0659	1.0332	0.0377	0.4959	0.4582	0.0422
0.0428	0.3805	0.3377	0.0578	0.1976	0.1398	0.0341	0.4611	0.427	0.0512	0.2126	0.1614	0.037	0.5769	0.5399	0.0293	0.6085	0.5792	0.0406	0.1636	0.123	0.0628	0.3379	0.2751	0.042	0.4863	0.4443	0.0383	0.4762	0.4379	0.0422
0.0393	0.6848	0.6455	0.0583	0.1546	0.0963	0.052	0.4687	0.4167	0.0565	0.1891	0.1326	0.0457	0.6718	0.6261	0.0385	0.6095	0.571	0.0462	0.2246	0.1784	0.0639	0.3556	0.2917	0.0367	0.4845	0.4478	0.0435	0.4906	0.4471	0.0446
0.0467	0.6835	0.6368	0.0515	0.1412	0.0897	0.0401	0.5973	0.5572	0.0507	0.1973	0.1466	0.0454	0.6222	0.5768	0.0367	0.6037	0.567	0.0391	0.3398	0.3007	0.048	0.2988	0.2508	0.0322	0.4992	0.467	0.0504	0.8978	0.8474	0.057
0.0438	0.7238	0.68	0.047	0.1842	0.1372	0.0388	0.5185	0.4797	0.0604	0.2795	0.2191	0.0409	0.6997	0.6588	0.0306	0.7126	0.682	0.0391	0.1776	0.1385	0.0551	0.3669	0.3118	0.0351	0.6266	0.5915	0.0367	2.1805	2.1438	0.0393
0.0617	1.6644	1.6027	0.0525	0.3376	0.2851	0.0475	0.5665	0.519	0.0522	0.2075	0.1553	0.0528	0.6932	0.6404	0.0391	0.6542	0.6151	0.0591	0.2467	0.1876	0.0594	0.4323	0.3729	0.043	0.5063	0.4633	0.0406	1.0028	0.9622	0.0441
0.0446	1.5587	1.5141	0.0557	0.1828	0.1271	0.0433	0.9861	0.9428	0.0399	0.7456	0.7057	0.0504	0.5206	0.4702	0.0348	0.5899	0.5551	0.0383	0.224	0.1857	0.0581	0.3643	0.3062	0.0406	0.4678	0.4272	0.0388	0.6813	0.6425	0.0438
0.0404	0.6432	0.6028	0.0625	0.2171	0.1546	0.0483	0.5446	0.4963	0.0522	0.5656	0.5134	0.0491	0.6167	0.5676	0.043	0.6142	0.5712	0.047	0.2327	0.1857	0.0625	0.4056	0.3431	0.0325	0.5	0.4675	0.0338	0.7771	0.7433	0.0406
0.0517	0.4976	0.4459	0.0565	0.1567	0.1002	0.0417	0.4518	0.4101	0.0515	0.2865	0.235	0.0573	0.6046	0.5473	0.0348	0.5393	0.5045	0.0499	0.1855	0.1356	0.067	0.403	0.336	0.0267	0.4716	0.4449	0.0359	0.6573	0.6214	0.0409
0.0422	0.9226	0.8804	0.0459	0.2345	0.1886	0.0348	0.3093	0.2745	0.0546	0.2772	0.2226	0.0483	0.5824	0.5341	0.0293	0.5486	0.5193	0.0414	0.2358	0.1944	0.0559	0.3199	0.264	0.0454	0.5	0.4546	0.0372	0.473	0.4358	0.0457
0.0396	0.7212	0.6816	0.0507	0.1367	0.086	0.0425	0.6723	0.6298	0.0546	0.2993	0.2447	0.0509	3.6394	3.5885	0.033	0.6691	0.6361	0.0406	0.2459	0.2053	0.0573	0.3364	0.2791	0.0354	0.4956	0.4602	0.0385	0.7333	0.6948	0.0367
0.0306	0.8198	0.7892	0.0562	0.1955	0.1393	0.0314	0.4539	0.4225	0.048	0.2039	0.1559	0.0459	0.6351	0.5892	0.037	0.608	0.571	0.0467	0.329	0.2823	0.0515	0.3435	0.292	0.0343	0.5087	0.4744	0.0393	0.7483	0.709	0.0443
0.0377	0.7755	0.7378	0.0559	0.154	0.0981	0.0391	0.5159	0.4768	0.053	0.2516	0.1986	0.0486	0.6091	0.5605	0.0335	0.6947	0.6612	0.0404	0.4413	0.4009	0.0755	0.4677	0.3922	0.0351	0.5686	0.5335	0.0401	0.7473	0.7072	0.0375
0.0438	0.4638	0.42	0.0631	0.2654	0.2023	0.0478	0.4632	0.4154	0.0499	0.4652	0.4153	0.0462	0.7037	0.6575	0.0359	0.6958	0.6599	0.0425	0.2124	0.1699	0.0581	0.5568	0.4987	0.0399	0.5784	0.5385	0.0425	0.6574	0.6149	0.0348
0.0512	0.4884	0.4372	0.0551	0.2698	0.2147	0.043	0.4135	0.3705	0.0475	0.3629	0.3154	0.043	0.6673	0.6243	0.0348	0.6572	0.6224	0.0486	0.3918	0.3432	0.053	0.3307	0.2777	0.0354	0.5523	0.5169	0.0377	0.6979	0.6602	0.0367
0.0522	0.776	0.7238	0.0544	0.157	0.1026	0.0551	0.5116	0.4565	0.0512	0.3046	0.2534	0.0541	0.666	0.6119	0.0377	0.629	0.5913	0.0486	0.2718	0.2232	0.0604	0.3635	0.3031	0.0333	0.5533	0.52	0.0457	0.7916	0.7459	0.0404
0.0435	1.3066	1.2631	0.0504	0.3191	0.2687	0.0399	0.3938	0.3539	0.0565	0.2377	0.1812	0.0546	0.7073	0.6527	0.0377	0.7046	0.6669	0.043	0.2514	0.2084	0.0504	0.3155	0.2651	0.0396	0.5058	0.4662	0.0391	0.7199	0.6808	0.037
0.0399	0.6677	0.6278	0.0546	0.1369	0.0823	0.0446	0.4357	0.3911	0.0581	0.3632	0.3051	0.047	0.526	0.479	0.0449	0.6304	0.5855	0.0428	0.2549	0.2121	0.0602	0.411	0.3508	0.0438	0.5475	0.5037	0.0417	0.93	0.8883	0.037
0.0496	0.5408	0.4912	0.0617	0.2825	0.2208	0.0483	0.485	0.4367	0.0573	0.1557	0.0984	0.0517	0.6475	0.5958	0.0348	0.6182	0.5834	0.0412	0.3192	0.278	0.0596	0.4921	0.4325	0.0422	0.5213	0.4791	0.0325	0.5566	0.5241	0.038
0.0351	0.6015	0.5664	0.0554	0.2516	0.1962	0.042	0.5673	0.5253	0.0581	0.9956	0.9375	0.0438	0.6029	0.5591	0.0356	0.7218	0.6862	0.048	0.6227	0.5747	0.0594	0.5336	0.4742	0.0296	0.5852	0.5556	0.0327	0.7024	0.6697	0.0314
0.0388	0.5466	0.5078	0.0501	0.3252	0.2751	0.047	1.024	0.977	0.0491	0.4531	0.404	0.0509	0.5652	0.5143	0.0396	0.5436	0.504	0.0406	0.2121	0.1715	0.0567	0.3421	0.2854	0.0375	0.4861	0.4486	0.0425	1.742	1.6995	0.0499
0.0414	0.7388	0.6974	0.0491	0.2422	0.1931	0.0341	0.5702	0.5361	0.0459	2.6223	2.5764	0.038	0.6132	0.5752	0.0317	0.6203	0.5886	0.0393	0.1436	0.1043	0.061	0.4332	0.3722	0.0298	0.5063	0.4765	0.0319	0.9827	0.9508	0.0372
0.0414	0.4503	0.4089	0.0522	0.241	0.1888	0.0372	0.3695	0.3323	0.0441	0.2416	0.1975	0.0414	0.5842	0.5428	0.0335	0.5504	0.5169	0.0343	0.2061	0.1718	0.0646	0.3387	0.2741	0.0356	0.6413	0.6057	0.0356	0.6702	0.6346	0.0385
0.0396	0.4388	0.3992	0.0499	0.2461	0.1962	0.0428	0.4302	0.3874	0.0493	0.3246	0.2753	0.0362	0.6449	0.6087	0.0372	0.7031	0.6659	0.0501	0.2554	0.2053	0.057	0.3566	0.2996	0.0277	0.4879	0.4602	0.0396	1.19	1.1504	0.0388
0.0385	0.4168	0.3783	0.0575	0.2015	0.144	0.0406	0.3974	0.3568	0.0504	0.302	0.2516	0.0385	0.6517	0.6132	0.0375	0.7538	0.7163	0.0438	0.5811	0.5373	0.0536	0.4653	0.4117	0.0372	1.0256	0.9884	0.0356	1.0088	0.9732	0.0512
0.0401	0.4279	0.3878	0.0509	0.2316	0.1807	0.0341	0.6077	0.5736	0.0504	0.3848	0.3344	0.0509	0.5384	0.4875	0.0341	0.7084	0.6743	0.043	0.2293	0.1863	0.0573	0.3717	0.3144	0.0338	0.5114	0.4776	0.0362	0.7291	0.6929	0.0388
0.0438	0.7945	0.7507	0.0536	0.161	0.1074	0.0454	0.4584	0.413	0.0464	0.3452	0.2988	0.0383	0.6623	0.624	0.0409	0.7409	0.7	0.0457	0.6455	0.5998	0.0493	0.3882	0.3389	0.0343	0.6503	0.616	0.0404	1.1423	1.1019	0.0319
0.0391	0.9058	0.8667	0.0483	0.1741	0.1258	0.0354	0.7487	0.7133	0.0325	0.4505	0.418	0.0364	1.0412	1.0048	0.0367	0.6163	0.5796	0.0433	0.3791	0.3358	0.0496	0.3305	0.2809	0.0317	0.5108	0.4791	0.0385	0.5803	0.5418	0.0383
0.0388	0.5239	0.4851	0.0459	0.2912	0.2453	0.0372	0.4534	0.4162	0.0501	0.3352	0.2851	0.0428	0.6167	0.5739	0.0312	0.6733	0.6421	0.038	0.3145	0.2765	0.0467	0.3822	0.3355	0.0283	0.4787	0.4504	0.0314	0.8912	0.8598	0.0409
0.0388	1.2346	1.1958	0.048	0.1585	0.1105	0.0417	0.5541	0.5124	0.0478	1.0019	0.9541	0.0451	0.3374	0.2923	0.038	0.5623	0.5243	0.0401	0.2564	0.2163	0.0604	0.3379	0.2775	0.0372	0.5839	0.5467	0.043	0.5946	0.5516	0.0401
0.0478	0.4847	0.4369	0.0588	0.1683	0.1095	0.0409	0.4294	0.3885	0.0412	0.3089	0.2677	0.0467	0.6275	0.5808	0.0396	0.7564	0.7168	0.0404	0.3411	0.3007	0.0591	0.359	0.2999	0.0283	0.4782	0.4499	0.0375	0.8335	0.796	0.042
0.042	0.5907	0.5487	0.0501	0.2165	0.1664	0.0417	0.4236	0.3819	0.0538	0.365	0.3112	0.0417	0.6823	0.6406	0.0367	0.647	0.6103	0.0493	0.2896	0.2403	0.0557	0.3609	0.3052	0.0251	0.5559	0.5308	0.037	0.7774	0.7404	0.0443
0.0472	0.7834	0.7362	0.0625	0.2105	0.148	0.0396	0.3925	0.3529	0.0486	0.2841	0.2355	0.0457	0.6776	0.6319	0.0409	1.6095	1.5686	0.0364	0.2707	0.2343	0.0615	0.7643	0.7028	0.0367	0.542	0.5053	0.0348	0.7963	0.7615	0.0399
0.0375	0.4583	0.4208	0.0588	0.2577	0.1989	0.0425	0.6306	0.5881	0.0546	0.2157	0.1611	0.0435	0.6818	0.6383	0.0304	0.5874	0.557	0.0319	0.2867	0.2548	0.0557	0.3023	0.2466	0.0298	0.4446	0.4148	0.0435	0.9226	0.8791	0.0433
0.0399	1.0395	0.9996	0.0557	0.1346	0.0789	0.0438	0.8837	0.8399	0.0631	0.734	0.6709	0.0559	1.0232	0.9673	0.0417	0.7398	0.6981	0.0449	0.1771	0.1322	0.0599	0.5483	0.4884	0.0351	0.486	0.4509	0.0377	0.7855	0.7478	0.0401
0.0462	0.7405	0.6943	0.0641	0.1767	0.1126	0.0464	0.5717	0.5253	0.0496	0.202	0.1524	0.0454	0.6805	0.6351	0.0399	0.5969	0.557	0.0446	0.2989	0.2543	0.0583	0.301	0.2427	0.037	0.5188	0.4818	0.048	1.0529	1.0049	0.038
0.0406	1.7791	1.7385	0.0298	0.1941	0.1643	0.0401	0.8993	0.8592	0.0567	2.1613	2.1046	0.0462	0.7279	0.6817	0.042	0.7008	0.6588	0.047	0.6679	0.6209	0.0525	0.2456	0.1931	0.0467	1.2334	1.1867	0.0499	1.5083	1.4584	0.0464
0.0422	0.8528	0.8106	0.0599	0.4613	0.4014	0.0391	0.6739	0.6348	0.0549	0.6625	0.6076	0.0541	0.9795	0.9254	0.0401	0.8777	0.8376	0.0451	0.2965	0.2514	0.062	0.3506	0.2886	0.0338	0.572	0.5382	0.0422	0.7873	0.7451	0.0496
0.0364	0.8385	0.8021	0.0551	0.2766	0.2215	0.0399	0.4745	0.4346	0.052	0.2891	0.2371	0.0501	0.5463	0.4962	0.0375	0.551	0.5135	0.0417	0.2187	0.177	0.0678	0.3674	0.2996	0.0356	0.6223	0.5867	0.0351	0.5062	0.4711	0.0443
0.0454	0.8415	0.7961	0.0512	0.1462	0.095	0.0422	0.5681	0.5259	0.0551	0.2582	0.2031	0.0496	0.5866	0.537	0.0428	0.6096	0.5668	0.0443	0.1897	0.1454	0.0649	0.3542	0.2893	0.0362	0.6345	0.5983	0.0348	0.7451	0.7103	0.0446
0.0541	0.867	0.8129	0.0697	0.1726	0.1029	0.0491	0.4813	0.4322	0.0528	0.4536	0.4008	0.0459	0.773	0.7271	0.0406	0.8679	0.8273	0.0501	0.273	0.2229	0.0583	0.4254	0.3671	0.0377	0.6606	0.6229	0.0509	0.7196	0.6687	0.0467
0.0396	0.4923	0.4527	0.0541	0.2606	0.2065	0.0446	0.4816	0.437	0.0559	0.3349	0.279	0.0428	1.1404	1.0976	0.0377	0.668	0.6303	0.033	0.2296	0.1966	0.0604	0.3838	0.3234	0.0393	0.6672	0.6279	0.0446	1.075	1.0304	0.0348
0.0385	0.4725	0.434	0.0541	0.2743	0.2202	0.0388	0.6153	0.5765	0.0441	0.2804	0.2363	0.0404	0.7097	0.6693	0.042	0.6807	0.6387	0.0438	0.2201	0.1763	0.0557	0.5191	0.4634	0.0446	0.5815	0.5369	0.0388	0.7755	0.7367	0.038
0.0388	1.2882	1.2494	0.0425	0.6701	0.6276	0.0388	0.2999	0.2611	0.0567	0.4646	0.4079	0.0483	0.7225	0.6742	0.0441	0.561	0.5169	0.0388	0.223	0.1842	0.0604	0.3967	0.3363	0.0359	0.461	0.4251	0.033	0.4353	0.4023	0.0362
0.0496	0.8654	0.8158	0.0493	0.5583	0.509	0.0449	0.3532	0.3083	0.0507	0.3526	0.3019	0.0472	0.7071	0.6599	0.0367	0.6707	0.634	0.0441	0.28	0.2359	0.0454	0.4909	0.4455	0.0375	0.5702	0.5327	0.0348	0.9308	0.896	0.0348
0.0441	0.4736	0.4295	0.0533	0.2675	0.2142	0.0457	0.3701	0.3244	0.0546	0.3341	0.2795	0.037	0.7056	0.6686	0.0348	0.6348	0.6	0.0401	0.1794	0.1393	0.0507	0.4255	0.3748	0.0356	0.5859	0.5503	0.0457	0.7202	0.6745	0.0528
0.0362	1.8683	1.8321	0.0528	0.2422	0.1894	0.0428	0.7319	0.6891	0.0459	0.3861	0.3402	0.062	0.6394	0.5774	0.0396	0.5708	0.5312	0.0359	0.3137	0.2778	0.0412	0.3015	0.2603	0.0377	0.5495	0.5118	0.0425	2.1428	2.1003	0.0356
0.0488	1.8248	1.776	0.037	0.5824	0.5454	0.038	0.5193	0.4813	0.0483	0.7384	0.6901	0.0615	1.1723	1.1108	0.0428	0.6402	0.5974	0.0457	0.3092	0.2635	0.0522	0.3906	0.3384	0.0367	0.577	0.5403	0.0446	1.3066	1.262	0.0309
0.0364	0.9385	0.9021	0.0596	0.1588	0.0992	0.0522	0.4707	0.4185	0.0499	0.2796	0.2297	0.0559	0.6253	0.5694	0.0341	0.5977	0.5636	0.0372	0.2686	0.2314	0.0488	0.3366	0.2878	0.0325	0.5233	0.4908	0.0409	0.665	0.6241	0.038
0.0464	1.3659	1.3195	0.0464	0.2508	0.2044	0.0343	0.5691	0.5348	0.053	0.6635	0.6105	0.0565	0.6378	0.5813	0.0406	0.6055	0.5649	0.0375	0.1924	0.1549	0.0578	0.3551	0.2973	0.0317	0.5438	0.5121	0.0414	0.9384	0.897	0.0459
0.0417	1.1442	1.1025	0.052	0.1533	0.1013	0.0409	0.8252	0.7843	0.053	0.6806	0.6276	0.0467	0.9054	0.8587	0.0367	0.7379	0.7012	0.0457	0.4142	0.3685	0.0496	0.3171	0.2675	0.0388	0.5042	0.4654	0.0375	0.6853	0.6478	0.0385
0.0383	1.0392	1.0009	0.0475	0.163	0.1155	0.0462	0.7329	0.6867	0.0493	0.3684	0.3191	0.0533	0.6154	0.5621	0.0341	0.5671	0.533	0.0409	0.2554	0.2145	0.0541	0.3485	0.2944	0.0377	0.4926	0.4549	0.0459	0.6882	0.6423	0.042
0.0312	1.2415	1.2103	0.0522	0.2215	0.1693	0.0464	0.3199	0.2735	0.0491	0.4892	0.4401	0.0478	0.425	0.3772	0.0354	0.5945	0.5591	0.0396	0.2006	0.161	0.0512	0.3437	0.2925	0.0385	0.4971	0.4586	0.0404	0.564	0.5236	0.0441
0.052	1.0614	1.0094	0.0538	0.1496	0.0958	0.0443	0.4185	0.3742	0.0443	0.3183	0.274	0.0475	0.7635	0.716	0.038	1.191	1.153	0.0364	0.4764	0.44	0.037	0.3377	0.3007	0.029	0.6898	0.6608	0.053	1.3031	1.2501	0.0446
0.0438	0.6102	0.5664	0.0478	0.2401	0.1923	0.0417	0.3996	0.3579	0.0446	0.6603	0.6157	0.0399	1.0721	1.0322	0.0391	0.9619	0.9228	0.037	0.3546	0.3176	0.0541	0.344	0.2899	0.0404	0.614	0.5736	0.0409	1.2277	1.1868	0.038
0.0428	0.6226	0.5798	0.0559	0.3455	0.2896	0.0449	0.9312	0.8863	0.0454	0.3713	0.3259	0.0591	0.5946	0.5355	0.0383	0.5877	0.5494	0.042	0.1929	0.1509	0.0493	0.3745	0.3252	0.0359	0.5599	0.524	0.0412	0.9013	0.8601	0.0377
0.0433	0.7183	0.675	0.0617	0.173	0.1113	0.0438	0.5733	0.5295	0.0475	0.3476	0.3001	0.043	0.9191	0.8761	0.0409	0.6757	0.6348	0.0446	0.2496	0.205	0.0599	0.4777	0.4178	0.0401	0.7466	0.7065	0.0385	0.7269	0.6884	0.0414
0.0464	0.4601	0.4137	0.0581	0.2137	0.1556	0.0409	0.2936	0.2527	0.0507	0.3089	0.2582	0.0496	0.6056	0.556	0.038	0.557	0.519	0.0491	0.1782	0.1291	0.0575	0.4573	0.3998	0.0399	0.6061	0.5662	0.0454	0.9509	0.9055	0.038
0.0322	2.3029	2.2707	0.0475	0.3682	0.3207	0.0401	0.4138	0.3737	0.0499	0.235	0.1851	0.0457	0.6323	0.5866	0.0478	0.8318	0.784	0.0399	0.4864	0.4465	0.043	0.3076	0.2646	0.0428	0.6485	0.6057	0.0396	0.8617	0.8221	0.033
0.0404	1.0809	1.0405	0.0636	0.2118	0.1482	0.0404	0.3935	0.3531	0.0478	1.0541	1.0063	0.0377	1.6535	1.6158	0.0422	0.6549	0.6127	0.0404	0.1768	0.1364	0.0562	0.5357	0.4795	0.0348	0.5912	0.5564	0.0391	1.0622	1.0231	0.0351
0.0414	0.5155	0.4741	0.0615	0.2163	0.1548	0.0346	0.3962	0.3616	0.0467	0.2698	0.2231	0.0449	0.6146	0.5697	0.0375	0.5699	0.5324	0.0399	0.1631	0.1232	0.062	0.3817	0.3197	0.0525	0.519	0.4665	0.0401	0.8353	0.7952	0.0428
0.0433	0.4815	0.4382	0.0602	0.2493	0.1891	0.0475	0.4692	0.4217	0.043	0.3808	0.3378	0.0454	0.5259	0.4805	0.0367	0.6763	0.6396	0.0433	0.2248	0.1815	0.0509	0.378	0.3271	0.0383	0.5356	0.4973	0.0446	1.1048	1.0602	0.0401
0.0417	0.3053	0.2636	0.0525	0.2503	0.1978	0.0491	0.3139	0.2648	0.0554	0.2561	0.2007	0.0509	0.6794	0.6285	0.037	0.5892	0.5522	0.0441	0.1842	0.1401	0.057	0.3606	0.3036	0.0346	0.5702	0.5356	0.0459	0.8976	0.8517	0.0335
0.0343	0.6044	0.5701	0.0346	0.2192	0.1846	0.0367	0.3213	0.2846	0.043	0.2911	0.2481	0.047	0.5901	0.5431	0.0393	0.5346	0.4953	0.0438	0.0848	0.041	0.0536	0.4289	0.3753	0.042	0.5122	0.4702	0.0348	0.4566	0.4218	0.0404
0.0459	0.4741	0.4282	0.0567	0.2142	0.1575	0.0467	0.4618	0.4151	0.0559	0.1601	0.1042	0.0399	0.7164	0.6765	0.0383	0.5623	0.524	0.0375	0.1629	0.1254	0.0596	0.3397	0.2801	0.0346	0.5098	0.4752	0.042	0.6097	0.5677	0.0385
0.0443	0.4445	0.4002	0.0464	0.2308	0.1844	0.0348	0.4552	0.4204	0.0581	0.1715	0.1134	0.0446	0.657	0.6124	0.029	0.5799	0.5509	0.0343	0.1322	0.0979	0.0602	0.3933	0.3331	0.0385	0.4778	0.4393	0.0393	0.5004	0.4611	0.0425
0.037	0.5367	0.4997	0.0538	0.148	0.0942	0.0509	0.4702	0.4193	0.0551	0.2202	0.1651	0.0483	0.6578	0.6095	0.0335	0.5768	0.5433	0.0457	0.1914	0.1457	0.0654	0.3308	0.2654	0.043	0.4971	0.4541	0.0393	0.5178	0.4785	0.047
0.0488	0.4846	0.4358	0.0551	0.2935	0.2384	0.0396	0.2933	0.2537	0.0602	0.239	0.1788	0.0509	0.6779	0.627	0.0407	0.5579	0.5172	0.0446	0.0961	0.0515	0.0594	0.3638	0.3044	0.0348	0.4736	0.4388	0.038	0.477	0.439	0.0459
0.048	0.7881	0.7401	0.0507	0.1407	0.09	0.048	0.4243	0.3763	0.0478	0.2825	0.2347	0.0433	0.6463	0.603	0.0441	0.6333	0.5892	0.0472	0.167	0.1198	0.0512	0.398	0.3468	0.0343	0.4546	0.4203	0.0385	0.5007	0.4622	0.0486
0.0462	0.7402	0.694	0.0512	0.1989	0.1477	0.0443	0.3906	0.3463	0.0575	0.3579	0.3004	0.0462	0.6177	0.5715	0.0454	0.5971	0.5517	0.0359	0.1504	0.1145	0.0549	0.3709	0.316	0.0417	0.558	0.5163	0.042	0.6402	0.5982	0.0335
0.0412	0.66	0.6188	0.0617	0.3112	0.2495	0.038	0.2706	0.2326	0.0504	0.4678	0.4174	0.0488	0.743	0.6942	0.0406	0.5863	0.5457	0.0333	0.2378	0.2045	0.0594	0.4867	0.4273	0.0404	0.6039	0.5635	0.0383	0.6189	0.5806	0.0362
0.0488	0.934	0.8852	0.0475	0.1475	0.1	0.048	0.3695	0.3215	0.0462	0.7324	0.6862	0.042	1.4339	1.3919	0.0341	0.6219	0.5878	0.0385	0.4315	0.393	0.0493	0.317	0.2677	0.0414	0.5071	0.4657	0.0409	0.6803	0.6394	0.0404
0.0443	0.5118	0.4675	0.0654	0.3534	0.288	0.0388	0.5531	0.5143	0.0499	2.6637	2.6138	0.037	1.1356	1.0986	0.0362	0.6038	0.5676	0.048	0.1771	0.1291	0.067	0.4275	0.3605	0.0327	0.4778	0.4451	0.0364	0.9197	0.8833	0.0496
0.0406	0.5389	0.4983	0.052	0.1707	0.1187	0.043	0.4454	0.4024	0.057	0.4483	0.3913	0.0533	0.675	0.6217	0.0409	0.5892	0.5483	0.042	0.1581	0.1161	0.0559	0.3394	0.2835	0.0388	0.5593	0.5205	0.043	0.5102	0.4672	0.0493
0.0475	0.4997	0.4522	0.0636	0.2553	0.1917	0.0538	0.3091	0.2553	0.048	0.3378	0.2898	0.0435	0.6403	0.5968	0.0496	0.62	0.5704	0.038	0.4545	0.4165	0.0493	0.4905	0.4412	0.0438	0.581	0.5372	0.037	0.75	0.713	0.0417
0.0475	0.8581	0.8106	0.0507	0.6467	0.596	0.0433	0.7788	0.7355	0.0425	0.5348	0.4923	0.0428	0.8298	0.787	0.052	0.98	0.928	0.0459	0.3543	0.3084	0.0536	0.3287	0.2751	0.0404	0.6005	0.5601	0.0396	0.728	0.6884	0.0501
0.0544	0.5039	0.4495	0.0501	0.2337	0.1836	0.0472	0.3355	0.2883	0.0504	0.3196	0.2692	0.048	0.6377	0.5897	0.0367	0.6005	0.5638	0.0422	0.2134	0.1712	0.061	0.3609	0.2999	0.0412	0.5552	0.514	0.0414	0.6784	0.637	0.038
0.0404	0.9659	0.9255	0.048	0.211	0.163	0.0441	0.4049	0.3608	0.042	0.7864	0.7444	0.0501	0.9278	0.8777	0.038	0.7841	0.7461	0.0367	0.3427	0.306	0.0515	0.4223	0.3708	0.0478	0.9101	0.8623	0.0393	1.1837	1.1444	0.0367
0.0544	0.4763	0.4219	0.0512	0.3993	0.3481	0.0372	0.4241	0.3869	0.0509	0.3808	0.3299	0.0399	0.5733	0.5334	0.0364	0.5752	0.5388	0.0409	0.1681	0.1272	0.0515	0.4039	0.3524	0.038	0.5757	0.5377	0.0499	0.6811	0.6312	0.029
0.0306	1.2404	1.2098	0.0565	0.4663	0.4098	0.0417	0.4887	0.447	0.0551	0.4612	0.4061	0.0488	0.7237	0.6749	0.0377	0.6735	0.6358	0.0393	0.416	0.3767	0.0515	0.4239	0.3724	0.0383	0.5702	0.5319	0.0317	0.8723	0.8406	0.0399
0.0409	0.4258	0.3849	0.0475	0.224	0.1765	0.0449	0.4371	0.3922	0.0441	0.3558	0.3117	0.0406	0.6059	0.5653	0.0333	0.5671	0.5338	0.0343	0.1739	0.1396	0.0472	0.3719	0.3247	0.0325	0.4713	0.4388	0.0433	0.65	0.6067	0.0385
0.0351	0.6532	0.6181	0.0478	0.1778	0.13	0.0399	0.4761	0.4362	0.0367	0.2972	0.2605	0.0433	0.6045	0.5612	0.0348	0.6103	0.5755	0.0443	0.2031	0.1588	0.0517	0.4038	0.3521	0.0272	0.5161	0.4889	0.0406	0.6805	0.6399	0.0343
0.0312	0.404	0.3728	0.0559	0.2724	0.2165	0.0459	0.2846	0.2387	0.0467	0.2761	0.2294	0.0425	0.6318	0.5893	0.0301	0.5798	0.5497	0.038	0.2971	0.2591	0.0525	0.4581	0.4056	0.0417	0.6501	0.6084	0.043	0.6463	0.6033	0.0319
0.047	0.6487	0.6017	0.0567	0.2751	0.2184	0.042	0.4044	0.3624	0.0504	0.9412	0.8908	0.0428	0.4308	0.388	0.0417	0.7614	0.7197	0.0362	0.2151	0.1789	0.0573	0.4242	0.3669	0.0319	0.5656	0.5337	0.0385	0.6903	0.6518	0.0454
0.0536	0.5546	0.501	0.028	0.5626	0.5346	0.0459	0.4792	0.4333	0.0483	0.1854	0.1371	0.0372	0.6412	0.604	0.0438	0.6267	0.5829	0.0404	0.2773	0.2369	0.0512	0.4613	0.4101	0.0383	0.5944	0.5561	0.0422	1.138	1.0958	0.0488
0.0528	0.8523	0.7995	0.0604	0.2213	0.1609	0.0438	0.4135	0.3697	0.0559	0.284	0.2281	0.0541	0.6488	0.5947	0.0422	0.6839	0.6417	0.0462	0.3496	0.3034	0.0533	0.4038	0.3505	0.0393	0.6013	0.562	0.0499	0.7953	0.7454	0.0541
0.0583	0.5197	0.4614	0.0583	0.2738	0.2155	0.0435	0.5277	0.4842	0.0433	0.7374	0.6941	0.0493	0.753	0.7037	0.0346	0.6322	0.5976	0.0412	0.2697	0.2285	0.0512	0.3231	0.2719	0.042	0.8621	0.8201	0.0388	0.9258	0.887	0.0536
0.0551	0.5658	0.5107	0.0612	0.2081	0.1469	0.0449	0.6282	0.5833	0.047	0.6095	0.5625	0.0504	0.574	0.5236	0.038	0.6533	0.6153	0.0443	0.4276	0.3833	0.0617	0.1783	0.1166	0.0422	0.5301	0.4879	0.0375	0.6895	0.652	0.0464
0.0428	0.6999	0.6571	0.062	0.2234	0.1614	0.0554	0.3851	0.3297	0.0525	0.326	0.2735	0.0483	0.6048	0.5565	0.0428	0.656	0.6132	0.0446	0.4439	0.3993	0.0631	0.2219	0.1588	0.0449	0.7495	0.7046	0.0433	0.8272	0.7839	0.0459
0.0433	0.5801	0.5368	0.0623	0.1981	0.1358	0.0446	0.4523	0.4077	0.0586	0.3761	0.3175	0.0443	0.6024	0.5581	0.033	0.6647	0.6317	0.0438	0.3712	0.3274	0.0588	0.2535	0.1947	0.0417	0.6585	0.6168	0.0341	0.7592	0.7251	0.0422
0.043	0.6603	0.6173	0.0578	0.2543	0.1965	0.043	0.4829	0.4399	0.0501	0.9259	0.8758	0.0472	0.8107	0.7635	0.0475	0.681	0.6335	0.048	0.2796	0.2316	0.0581	0.3216	0.2635	0.0438	0.5733	0.5295	0.0441	0.5946	0.5505	0.0515
0.0454	0.4425	0.3971	0.0554	0.2537	0.1983	0.0483	0.3434	0.2951	0.0486	0.3345	0.2859	0.0512	0.5813	0.5301	0.0383	0.6079	0.5696	0.0422	0.1945	0.1523	0.0583	0.3516	0.2933	0.0338	0.548	0.5142	0.0385	0.6069	0.5684	0.0428
0.0459	0.4554	0.4095	0.0615	0.2153	0.1538	0.053	0.3581	0.3051	0.0525	0.4069	0.3544	0.0504	0.7599	0.7095	0.0388	0.7074	0.6686	0.0504	0.2193	0.1689	0.0581	0.4189	0.3608	0.0377	0.5654	0.5277	0.0441	1.0105	0.9664	0.0617
0.0428	1.0147	0.9719	0.0628	0.2073	0.1445	0.0515	0.4408	0.3893	0.0544	0.5792	0.5248	0.0467	0.6266	0.5799	0.0364	0.6614	0.625	0.053	0.2509	0.1979	0.0594	0.4031	0.3437	0.0425	0.5235	0.481	0.0457	1.0893	1.0436	0.0504
0.0401	1.069	1.0289	0.0791	0.1909	0.1118	0.0493	0.5604	0.5111	0.053	0.4106	0.3576	0.0559	0.6377	0.5818	0.0327	0.6166	0.5839	0.0443	0.1828	0.1385	0.0554	0.3896	0.3342	0.0364	0.5419	0.5055	0.0367	1.1228	1.0861	0.0533
0.048	0.698	0.65	0.0607	0.1823	0.1216	0.053	0.5902	0.5372	0.0486	0.3519	0.3033	0.0562	0.8769	0.8207	0.042	0.6921	0.6501	0.0459	0.2939	0.248	0.0525	0.3221	0.2696	0.0459	0.5678	0.5219	0.0522	1.258	1.2058	0.0464
0.0375	1.087	1.0495	0.0591	0.1599	0.1008	0.0391	0.5921	0.553	0.0438	0.346	0.3022	0.0581	0.7396	0.6815	0.0354	0.7219	0.6865	0.0504	0.2963	0.2459	0.0554	0.3239	0.2685	0.0449	0.7434	0.6985	0.0333	0.823	0.7897	0.0533
0.0364	0.9039	0.8675	0.0575	0.2189	0.1614	0.0451	0.4723	0.4272	0.0459	0.4792	0.4333	0.0607	0.5494	0.4887	0.0399	0.6322	0.5923	0.0438	0.2077	0.1639	0.0507	0.354	0.3033	0.0417	0.64	0.5983	0.0435	0.8052	0.7617	0.0525
0.0459	0.5202	0.4743	0.0588	0.2574	0.1986	0.0467	0.3698	0.3231	0.0504	0.2371	0.1867	0.0399	0.5961	0.5562	0.0362	0.5925	0.5563	0.038	0.2274	0.1894	0.0689	0.2979	0.229	0.0356	0.4873	0.4517	0.0356	0.7238	0.6882	0.0554
0.0393	0.7328	0.6935	0.0544	0.19	0.1356	0.0507	0.4017	0.351	0.0467	0.4312	0.3845	0.0449	0.5703	0.5254	0.042	0.6072	0.5652	0.0367	0.2098	0.1731	0.0478	0.3361	0.2883	0.0348	0.5234	0.4886	0.0406	0.786	0.7454	0.0541
0.0528	0.3892	0.3364	0.0541	0.2179	0.1638	0.0462	0.3062	0.26	0.0396	0.2875	0.2479	0.053	0.5821	0.5291	0.0396	0.6174	0.5778	0.0462	0.2889	0.2427	0.0567	0.2859	0.2292	0.0327	0.5184	0.4857	0.0433	0.7921	0.7488	0.0522
0.0538	0.3602	0.3064	0.0581	0.2346	0.1765	0.0451	0.3489	0.3038	0.0491	0.3278	0.2787	0.0549	0.6167	0.5618	0.0317	0.6214	0.5897	0.0441	0.2623	0.2182	0.0586	0.3996	0.341	0.0472	0.544	0.4968	0.0425	0.5843	0.5418	0.0617
0.0612	0.4786	0.4174	0.0517	0.2255	0.1738	0.042	0.3775	0.3355	0.0557	0.2595	0.2038	0.053	0.6573	0.6043	0.0338	0.642	0.6082	0.0399	0.2304	0.1905	0.0631	0.3633	0.3002	0.0409	0.5968	0.5559	0.0454	0.5316	0.4862	0.0504
0.0596	0.3915	0.3319	0.0559	0.1978	0.1419	0.0559	0.3188	0.2629	0.0575	0.3357	0.2782	0.0507	0.6046	0.5539	0.0409	0.7029	0.662	0.0457	0.17	0.1243	0.0596	0.3964	0.3368	0.0351	0.5324	0.4973	0.0401	0.5482	0.5081	0.0551
0.0428	0.4404	0.3976	0.0657	0.2282	0.1625	0.0554	0.3713	0.3159	0.0525	0.4161	0.3636	0.0565	0.5642	0.5077	0.0388	0.687	0.6482	0.0499	0.2082	0.1583	0.0583	0.3619	0.3036	0.0428	0.508	0.4652	0.0409	0.5975	0.5566	0.0583
0.0541	0.4543	0.4002	0.0596	0.2142	0.1546	0.0515	0.3013	0.2498	0.0581	0.3508	0.2927	0.0575	0.5903	0.5328	0.0354	0.5982	0.5628	0.0422	0.3129	0.2707	0.0615	0.3345	0.273	0.0417	0.5409	0.4992	0.0404	0.6988	0.6584	0.0544
0.0525	0.4311	0.3786	0.0623	0.2543	0.192	0.053	0.3447	0.2917	0.0567	0.3299	0.2732	0.0683	0.5639	0.4956	0.0449	0.6808	0.6359	0.0385	0.3155	0.277	0.0575	0.3036	0.2461	0.0317	0.5472	0.5155	0.0375	0.6294	0.5919	0.0441
0.0551	0.4783	0.4232	0.0641	0.24	0.1759	0.0435	0.3858	0.3423	0.0525	0.2524	0.1999	0.0586	0.6114	0.5528	0.0388	0.6689	0.6301	0.0486	0.3298	0.2812	0.0567	0.2553	0.1986	0.0441	0.7543	0.7102	0.0681	0.9854	0.9173	0.0607
0.0462	0.5445	0.4983	0.0567	0.2324	0.1757	0.0306	0.4665	0.4359	0.0399	0.5325	0.4926	0.0578	0.6673	0.6095	0.0383	0.7472	0.7089	0.0399	0.2454	0.2055	0.0586	0.3936	0.335	0.0383	0.5106	0.4723	0.042	0.7133	0.6713	0.0414
0.0491	0.6582	0.6091	0.0615	0.1652	0.1037	0.0536	0.4025	0.3489	0.0551	0.2903	0.2352	0.0414	0.5275	0.4861	0.0385	0.5932	0.5547	0.0404	0.1742	0.1338	0.0652	0.3342	0.269	0.0454	0.5272	0.4818	0.0486	0.7217	0.6731	0.0462
0.0483	0.6635	0.6152	0.0578	0.181	0.1232	0.0464	0.4009	0.3545	0.0541	0.2595	0.2054	0.0528	0.6325	0.5797	0.0362	0.6679	0.6317	0.0433	0.4065	0.3632	0.0467	0.3052	0.2585	0.0385	0.9665	0.928	0.0406	0.7061	0.6655	0.0383
0.0491	0.9164	0.8673	0.0573	0.2517	0.1944	0.0454	0.7284	0.683	0.053	1.4074	1.3544	0.043	0.6853	0.6423	0.042	0.5982	0.5562	0.0486	0.2288	0.1802	0.0599	0.3413	0.2814	0.0367	0.485	0.4483	0.0396	0.723	0.6834	0.0599
0.0459	0.7452	0.6993	0.0646	0.2004	0.1358	0.0409	0.4502	0.4093	0.0509	0.5978	0.5469	0.0517	0.8348	0.7831	0.0428	1.1891	1.1463	0.0443	0.3015	0.2572	0.0546	0.3194	0.2648	0.043	0.5382	0.4952	0.0464	0.7048	0.6584	0.0483
0.0385	0.7209	0.6824	0.061	0.2778	0.2168	0.0533	0.2944	0.2411	0.0472	0.3017	0.2545	0.0541	0.6209	0.5668	0.0435	0.6198	0.5763	0.0351	0.2675	0.2324	0.0499	0.3134	0.2635	0.0343	0.5	0.4657	0.0417	0.6679	0.6262	0.0491
0.0483	0.4158	0.3675	0.0565	0.2258	0.1693	0.0446	0.3078	0.2632	0.0507	0.3281	0.2774	0.0467	0.8788	0.8321	0.0451	0.6106	0.5655	0.047	0.2367	0.1897	0.0522	0.3793	0.3271	0.0377	0.4989	0.4612	0.0401	0.7378	0.6977	0.0464
0.0565	0.3782	0.3217	0.066	0.2098	0.1438	0.053	0.3518	0.2988	0.053	0.342	0.289	0.047	0.584	0.537	0.0354	0.6043	0.5689	0.047	0.2356	0.1886	0.0559	0.3416	0.2857	0.0399	0.5196	0.4797	0.042	0.9498	0.9078	0.0581
0.0549	1.0645	1.0096	0.0533	0.3173	0.264	0.0551	0.4715	0.4164	0.0528	0.292	0.2392	0.0488	0.6096	0.5608	0.033	0.5494	0.5164	0.0483	0.1602	0.1119	0.0565	0.3891	0.3326	0.0377	0.5113	0.4736	0.0412	0.7774	0.7362	0.047
0.0486	0.5116	0.463	0.062	0.2295	0.1675	0.0393	0.263	0.2237	0.0581	0.2912	0.2331	0.0462	0.5745	0.5283	0.0362	0.6246	0.5884	0.0391	0.1763	0.1372	0.0623	0.4305	0.3682	0.038	0.544	0.506	0.042	0.6416	0.5996	0.0544
0.0496	0.4084	0.3588	0.0594	0.1747	0.1153	0.0528	0.32	0.2672	0.0631	0.2949	0.2318	0.0451	0.5939	0.5488	0.0314	0.5898	0.5584	0.0464	0.2298	0.1834	0.062	0.3614	0.2994	0.042	0.6235	0.5815	0.0414	1.3142	1.2728	0.0298
0.0417	0.4195	0.3778	0.0594	0.209	0.1496	0.0364	0.3342	0.2978	0.0501	0.5997	0.5496	0.0399	1.6998	1.6599	0.0298	0.9737	0.9439	0.0459	0.3018	0.2559	0.0562	0.2691	0.2129	0.0446	0.6545	0.6099	0.0435	1.0452	1.0017	0.038
0.0501	0.5368	0.4867	0.067	0.1957	0.1287	0.048	0.3299	0.2819	0.057	0.9156	0.8586	0.0385	0.6322	0.5937	0.0317	0.5763	0.5446	0.0478	0.261	0.2132	0.0599	0.2841	0.2242	0.0375	0.5425	0.505	0.0364	0.5015	0.4651	0.0412
0.0486	0.4686	0.42	0.0586	0.1391	0.0805	0.0475	0.3919	0.3444	0.0493	0.3299	0.2806	0.0428	0.5629	0.5201	0.0327	0.5792	0.5465	0.0359	0.238	0.2021	0.0581	0.3825	0.3244	0.0422	0.5337	0.4915	0.0409	0.5389	0.498	0.0441
0.0501	0.4532	0.4031	0.0567	0.1757	0.119	0.0457	0.3224	0.2767	0.0544	0.2683	0.2139	0.0451	0.6048	0.5597	0.0399	0.6032	0.5633	0.0401	0.1989	0.1588	0.0586	0.4497	0.3911	0.048	0.5182	0.4702	0.038	0.7085	0.6705	0.0454
0.0435	0.7214	0.6779	0.0509	0.1459	0.095	0.053	0.375	0.322	0.0528	0.7397	0.6869	0.0441	0.9345	0.8904	0.0364	0.6121	0.5757	0.0412	0.2575	0.2163	0.061	0.3074	0.2464	0.0388	0.5325	0.4937	0.0391	1.0318	0.9927	0.0507
0.0554	0.7101	0.6547	0.0391	0.6712	0.6321	0.0385	0.5781	0.5396	0.0435	0.3251	0.2816	0.0538	0.642	0.5882	0.038	0.6367	0.5987	0.0446	0.2348	0.1902	0.0581	0.3113	0.2532	0.0362	0.5114	0.4752	0.0314	0.6315	0.6001	0.0449
0.0504	0.5582	0.5078	0.053	0.1759	0.1229	0.0401	0.4847	0.4446	0.0575	0.4863	0.4288	0.0507	0.6249	0.5742	0.0399	0.6272	0.5873	0.0375	0.3762	0.3387	0.0575	0.2488	0.1913	0.0275	0.6198	0.5923	0.0322	0.8182	0.786	0.0428
0.038	0.3357	0.2977	0.0549	0.2052	0.1503	0.0512	0.3555	0.3043	0.0491	0.4613	0.4122	0.0425	0.677	0.6345	0.0399	0.834	0.7941	0.0385	0.4492	0.4107	0.062	0.335	0.273	0.0464	0.6835	0.6371	0.0459	1.4221	1.3762	0.0396
0.0422	0.3844	0.3422	0.0644	0.3347	0.2703	0.0459	0.3848	0.3389	0.0504	0.4871	0.4367	0.0533	0.8339	0.7806	0.0425	0.8181	0.7756	0.0462	0.6019	0.5557	0.0491	0.3384	0.2893	0.0425	0.5459	0.5034	0.0417	0.9129	0.8712	0.052
0.0488	1.036	0.9872	0.0604	0.2645	0.2041	0.0443	0.3347	0.2904	0.0549	0.6211	0.5662	0.0488	0.488	0.4392	0.038	0.6435	0.6055	0.0467	0.4015	0.3548	0.0554	0.1612	0.1058	0.037	0.5051	0.4681	0.0372	0.6447	0.6075	0.0459
0.0428	0.3336	0.2908	0.0612	0.2355	0.1743	0.0462	0.249	0.2028	0.0483	0.3901	0.3418	0.0464	0.5692	0.5228	0.0409	0.5914	0.5505	0.042	0.2552	0.2132	0.0596	0.3519	0.2923	0.0399	0.4302	0.3903	0.0283	0.4733	0.445	0.0356
0.0417	0.3576	0.3159	0.0612	0.1878	0.1266	0.0399	0.3239	0.284	0.0399	0.3513	0.3114	0.0454	0.536	0.4906	0.0459	0.5389	0.493	0.0417	0.1446	0.1029	0.0554	0.3724	0.317	0.0341	0.4297	0.3956	0.0367	0.4416	0.4049	0.0486
0.0401	0.5023	0.4622	0.0517	0.1715	0.1198	0.0522	0.3645	0.3123	0.0549	0.3067	0.2518	0.043	0.5291	0.4861	0.0493	0.8051	0.7558	0.0551	0.3353	0.2802	0.062	0.3068	0.2448	0.0412	0.5567	0.5155	0.0377	0.5737	0.536	0.0467
0.053	0.3826	0.3296	0.0607	0.2327	0.172	0.0536	0.2678	0.2142	0.0559	0.3576	0.3017	0.0457	0.5961	0.5504	0.0293	0.5937	0.5644	0.0446	0.2245	0.1799	0.0694	0.5275	0.4581	0.0372	0.4871	0.4499	0.0399	0.5859	0.546	0.0488
0.0486	0.4341	0.3855	0.0562	0.1841	0.1279	0.0554	0.3843	0.3289	0.0549	0.3136	0.2587	0.0446	0.6133	0.5687	0.0433	0.628	0.5847	0.0449	0.261	0.2161	0.0551	0.3687	0.3136	0.0443	0.5285	0.4842	0.0517	0.7283	0.6766	0.0557
0.0401	0.6956	0.6555	0.0617	0.1321	0.0704	0.0504	0.4679	0.4175	0.0557	0.3226	0.2669	0.0457	0.6694	0.6237	0.042	0.5829	0.5409	0.047	0.1341	0.0871	0.0615	0.5196	0.4581	0.0435	0.559	0.5155	0.0422	0.6697	0.6275	0.0718
0.0551	0.7668	0.7117	0.043	0.7592	0.7162	0.0567	0.2432	0.1865	0.0554	0.3613	0.3059	0.0446	0.5771	0.5325	0.0367	0.5926	0.5559	0.0399	0.1513	0.1114	0.062	0.3376	0.2756	0.0438	0.4583	0.4145	0.0412	0.6249	0.5837	0.0625
0.0457	0.7442	0.6985	0.0557	0.1343	0.0786	0.0504	0.5022	0.4518	0.053	0.2719	0.2189	0.0491	0.5763	0.5272	0.0422	0.6578	0.6156	0.0464	0.1826	0.1362	0.0499	0.3121	0.2622	0.0388	0.5251	0.4863	0.0399	0.5118	0.4719	0.0567
0.0475	0.5669	0.5194	0.0583	0.1886	0.1303	0.0401	0.4143	0.3742	0.0457	0.3118	0.2661	0.0459	0.5676	0.5217	0.0359	0.7675	0.7316	0.043	0.3295	0.2865	0.0578	0.3553	0.2975	0.0478	0.5109	0.4631	0.0438	0.4617	0.4179	0.0533
0.0538	0.7425	0.6887	0.0536	0.1037	0.0501	0.0565	0.5011	0.4446	0.0612	0.1981	0.1369	0.0483	0.6228	0.5745	0.0454	0.6409	0.5955	0.0451	0.1251	0.08	0.0596	0.4165	0.3569	0.0501	0.4612	0.4111	0.0462	0.4802	0.434	0.0533
0.0504	0.6674	0.617	0.0541	0.1095	0.0554	0.0462	0.509	0.4628	0.053	0.274	0.221	0.0393	0.6491	0.6098	0.042	0.8052	0.7632	0.0554	0.267	0.2116	0.0691	0.3809	0.3118	0.048	0.5079	0.4599	0.0401	0.5199	0.4798	0.0496
0.0486	0.5762	0.5276	0.0649	0.1232	0.0583	0.0554	0.4787	0.4233	0.0536	0.2498	0.1962	0.0496	0.6199	0.5703	0.0443	0.6485	0.6042	0.0454	0.2016	0.1562	0.0654	0.3471	0.2817	0.0433	0.5066	0.4633	0.0409	0.4683	0.4274	0.0512
0.043	0.6882	0.6452	0.0707	0.1501	0.0794	0.0425	0.5082	0.4657	0.052	0.1781	0.1261	0.0451	0.5863	0.5412	0.0385	0.6414	0.6029	0.0512	0.4186	0.3674	0.0493	0.2268	0.1775	0.0417	0.4905	0.4488	0.0451	0.4841	0.439	0.0575
0.0446	0.5799	0.5353	0.0512	0.1591	0.1079	0.0517	0.447	0.3953	0.0554	0.3014	0.246	0.0401	0.5816	0.5415	0.038	0.619	0.581	0.0422	0.1523	0.1101	0.0644	0.329	0.2646	0.0443	0.4731	0.4288	0.0475	0.5326	0.4851	0.0504
0.0486	0.5675	0.5189	0.0533	0.134	0.0807	0.0573	0.4492	0.3919	0.0583	0.2255	0.1672	0.0683	0.5821	0.5138	0.0351	0.6862	0.6511	0.0509	0.2214	0.1705	0.0726	0.3406	0.268	0.0399	0.5011	0.4612	0.0406	0.464	0.4234	0.0401
0.0504	0.5253	0.4749	0.061	0.1341	0.0731	0.0443	0.428	0.3837	0.0509	0.2814	0.2305	0.0657	0.546	0.4803	0.0385	0.5993	0.5608	0.0504	0.1945	0.1441	0.0509	0.3284	0.2775	0.038	0.4997	0.4617	0.0406	0.4279	0.3873	0.0501
0.0457	0.5411	0.4954	0.0499	0.1293	0.0794	0.0483	0.4344	0.3861	0.047	0.2722	0.2252	0.0417	0.5592	0.5175	0.037	0.6391	0.6021	0.047	0.1718	0.1248	0.0604	0.3334	0.273	0.0409	0.5084	0.4675	0.0404	0.6004	0.56	0.0528
0.0525	0.5424	0.4899	0.0491	0.1586	0.1095	0.0317	0.4748	0.4431	0.0478	0.3431	0.2953	0.0356	0.3896	0.354	0.0356	0.6369	0.6013	0.0388	0.2636	0.2248	0.0631	0.2277	0.1646	0.0472	0.4992	0.452	0.0406	0.5534	0.5128	0.0594
0.0517	0.5329	0.4812	0.061	0.1425	0.0815	0.0554	0.4404	0.385	0.0578	0.2727	0.2149	0.0464	0.6219	0.5755	0.0377	0.5995	0.5618	0.0478	0.2027	0.1549	0.0641	0.2944	0.2303	0.0449	0.4563	0.4114	0.048	0.4395	0.3915	0.0586
0.0377	0.4306	0.3929	0.0525	0.119	0.0665	0.0562	0.4043	0.3481	0.0541	0.3497	0.2956	0.0501	0.5072	0.4571	0.0325	0.5916	0.5591	0.0385	0.1472	0.1087	0.0464	0.3439	0.2975	0.042	0.4663	0.4243	0.0351	0.4474	0.4123	0.0541
0.0493	0.5329	0.4836	0.066	0.1288	0.0628	0.0401	0.4185	0.3784	0.0617	0.2951	0.2334	0.0488	0.5044	0.4556	0.033	0.556	0.523	0.0377	0.1907	0.153	0.057	0.2886	0.2316	0.0396	0.4729	0.4333	0.0409	0.4778	0.4369	0.0414
0.0464	0.4197	0.3733	0.0617	0.1424	0.0807	0.0493	0.384	0.3347	0.0493	0.2916	0.2423	0.0409	0.4877	0.4468	0.0388	0.5621	0.5233	0.0441	0.295	0.2509	0.0501	0.2071	0.157	0.047	0.4739	0.4269	0.0393	0.4503	0.411	0.0512
0.0464	0.4646	0.4182	0.0515	0.1982	0.1467	0.0702	0.4373	0.3671	0.0596	0.3315	0.2719	0.0383	0.4092	0.3709	0.0383	0.5998	0.5615	0.0399	0.1779	0.138	0.0623	0.2849	0.2226	0.042	0.5059	0.4639	0.0488	0.4672	0.4184	0.0567
0.061	0.4826	0.4216	0.0662	0.1696	0.1034	0.0594	0.3838	0.3244	0.0501	0.2489	0.1988	0.0499	0.5824	0.5325	0.0422	0.6137	0.5715	0.0478	0.1697	0.1219	0.0525	0.4637	0.4112	0.052	0.5372	0.4852	0.0396	0.5099	0.4703	0.0615
0.0554	0.4796	0.4242	0.0586	0.1654	0.1068	0.0388	0.4352	0.3964	0.0522	0.2252	0.173	0.0522	0.5679	0.5157	0.0404	0.5821	0.5417	0.0406	0.2598	0.2192	0.0583	0.2084	0.1501	0.0472	0.4546	0.4074	0.0507	0.4823	0.4316	0.0565
0.0504	0.4219	0.3715	0.0491	0.1253	0.0762	0.0525	0.4159	0.3634	0.0615	0.3057	0.2442	0.0493	0.5858	0.5365	0.0449	0.6264	0.5815	0.0435	0.191	0.1475	0.0639	0.3087	0.2448	0.0377	0.4757	0.438	0.0404	0.4641	0.4237	0.0472
0.0567	0.4648	0.4081	0.0596	0.1369	0.0773	0.0578	0.4167	0.3589	0.0604	0.3101	0.2497	0.0631	0.5186	0.4555	0.0367	0.5958	0.5591	0.0412	0.1666	0.1254	0.0496	0.2946	0.245	0.0438	0.4647	0.4209	0.0406	0.4213	0.3807	0.0512
0.0475	0.5711	0.5236	0.0702	0.1992	0.129	0.0528	0.4386	0.3858	0.0544	0.3168	0.2624	0.048	0.4067	0.3587	0.0417	0.8405	0.7988	0.0478	0.2702	0.2224	0.0686	0.2902	0.2216	0.0396	0.514	0.4744	0.0425	0.478	0.4355	0.0385
0.0462	0.5071	0.4609	0.0459	0.1285	0.0826	0.0499	0.4215	0.3716	0.0422	0.3494	0.3072	0.0459	0.5354	0.4895	0.0346	0.6211	0.5865	0.0367	0.1676	0.1309	0.0559	0.2925	0.2366	0.0464	0.433	0.3866	0.0404	0.487	0.4466	0.0412
0.0451	0.521	0.4759	0.0435	0.1255	0.082	0.0412	0.3801	0.3389	0.0522	0.2824	0.2302	0.0517	0.6109	0.5592	0.0377	0.5881	0.5504	0.0341	0.1384	0.1043	0.0591	0.4313	0.3722	0.0399	0.4708	0.4309	0.0359	0.4464	0.4105	0.0399
0.0457	0.4581	0.4124	0.0491	0.1322	0.0831	0.0396	0.4207	0.3811	0.0557	0.3178	0.2621	0.0501	0.6356	0.5855	0.0327	0.5742	0.5415	0.0433	0.1795	0.1362	0.0496	0.2896	0.24	0.0449	0.4924	0.4475	0.0451	0.4878	0.4427	0.0488
0.0493	0.3741	0.3248	0.0567	0.138	0.0813	0.0499	0.3661	0.3162	0.0546	0.3196	0.265	0.0409	0.5779	0.537	0.0359	0.6035	0.5676	0.038	0.181	0.143	0.048	0.3228	0.2748	0.0293	0.4254	0.3961	0.0375	0.4899	0.4524	0.0472
0.0509	0.4617	0.4108	0.0604	0.124	0.0636	0.0499	0.426	0.3761	0.0551	0.3011	0.246	0.0541	0.6557	0.6016	0.0388	0.6177	0.5789	0.0364	0.2931	0.2567	0.0483	0.2464	0.1981	0.0388	0.475	0.4362	0.0393	0.4875	0.4482	0.0401
0.0449	0.9151	0.8702	0.0623	0.1586	0.0963	0.043	0.433	0.39	0.0536	0.2664	0.2128	0.0483	0.6117	0.5634	0.037	0.6019	0.5649	0.0375	0.2573	0.2198	0.0554	0.2844	0.229	0.0406	0.4731	0.4325	0.0367	0.5084	0.4717	0.0451
0.0591	0.4804	0.4213	0.0522	0.1213	0.0691	0.0388	0.4273	0.3885	0.0462	0.2806	0.2344	0.0517	0.5265	0.4748	0.0372	0.5818	0.5446	0.0433	0.3253	0.282	0.0557	0.2327	0.177	0.0454	0.4623	0.4169	0.042	0.4454	0.4034	0.0573
0.0509	0.4749	0.424	0.0573	0.1293	0.072	0.0409	0.4099	0.369	0.0467	0.3866	0.3399	0.0459	0.4486	0.4027	0.0327	0.5989	0.5662	0.0314	0.2343	0.2029	0.0557	0.4458	0.3901	0.0348	0.602	0.5672	0.0317	0.7963	0.7646	0.0528
0.0483	0.9108	0.8625	0.0602	0.1997	0.1395	0.0499	0.4352	0.3853	0.0515	0.2158	0.1643	0.0377	0.624	0.5863	0.0399	0.5977	0.5578	0.0399	0.214	0.1741	0.062	0.3142	0.2522	0.0375	0.4808	0.4433	0.0362	0.5788	0.5426	0.053
0.0449	0.4823	0.4374	0.0472	0.1335	0.0863	0.0364	0.3932	0.3568	0.0462	0.394	0.3478	0.0449	0.7319	0.687	0.0335	0.6482	0.6147	0.033	0.2296	0.1966	0.0454	0.2654	0.22	0.0288	0.5707	0.5419	0.0359	0.5194	0.4835	0.0443
0.0559	0.4981	0.4422	0.0623	0.1259	0.0636	0.0459	0.3903	0.3444	0.0533	0.3837	0.3304	0.0478	0.6246	0.5768	0.0285	0.6272	0.5987	0.042	0.233	0.191	0.0528	0.3593	0.3065	0.0367	0.4821	0.4454	0.0443	0.6454	0.6011	0.067
0.0428	0.5124	0.4696	0.0525	0.1841	0.1316	0.0702	0.3759	0.3057	0.0509	0.3357	0.2848	0.0483	0.6114	0.5631	0.037	0.6269	0.5899	0.0372	0.2783	0.2411	0.0646	0.311	0.2464	0.0409	0.5137	0.4728	0.0377	0.5305	0.4928	0.0602
0.0433	0.4306	0.3873	0.0515	0.1636	0.1121	0.0449	0.4004	0.3555	0.0383	0.3355	0.2972	0.0441	0.6584	0.6143	0.0335	0.6295	0.596	0.0335	0.1945	0.161	0.043	0.3178	0.2748	0.0417	0.4831	0.4414	0.0438	0.4851	0.4413	0.0528
0.0422	0.4556	0.4134	0.0438	0.1427	0.0989	0.043	0.3998	0.3568	0.0504	0.3347	0.2843	0.0441	0.6107	0.5666	0.0388	0.6676	0.6288	0.0454	0.161	0.1156	0.0483	0.3487	0.3004	0.0375	0.4552	0.4177	0.0404	0.4577	0.4173	0.0559
0.0446	0.4303	0.3857	0.0538	0.1498	0.096	0.0493	0.3674	0.3181	0.0538	0.3299	0.2761	0.0433	0.6001	0.5568	0.0375	0.608	0.5705	0.0399	0.1094	0.0695	0.0631	0.3791	0.316	0.042	0.4291	0.3871	0.0428	0.4485	0.4057	0.0504
0.0435	0.468	0.4245	0.0581	0.1275	0.0694	0.0404	0.4109	0.3705	0.0525	0.2901	0.2376	0.0496	0.5539	0.5043	0.0356	0.5541	0.5185	0.037	0.1813	0.1443	0.0588	0.3724	0.3136	0.0364	0.4314	0.395	0.0541	0.4137	0.3596	0.0428
0.0414	0.4134	0.372	0.0636	0.1261	0.0625	0.0433	0.3835	0.3402	0.0591	0.3305	0.2714	0.0475	0.6309	0.5834	0.0354	0.6346	0.5992	0.0359	0.1789	0.143	0.0615	0.3126	0.2511	0.0401	0.4657	0.4256	0.037	0.4878	0.4508	0.0493
0.0504	0.8196	0.7692	0.0599	0.2079	0.148	0.0486	0.3688	0.3202	0.0507	0.3326	0.2819	0.0501	0.5555	0.5054	0.042	0.6275	0.5855	0.0472	0.1615	0.1143	0.0583	0.426	0.3677	0.0319	0.4491	0.4172	0.0367	0.7715	0.7348	0.0612
0.0501	0.7715	0.7214	0.0596	0.2057	0.1461	0.0399	0.34	0.3001	0.0509	0.2579	0.207	0.0459	0.6011	0.5552	0.043	0.6201	0.5771	0.0359	0.4416	0.4057	0.0617	0.2147	0.153	0.0422	0.9488	0.9066	0.0377	0.4434	0.4057	0.0433
0.0496	0.7394	0.6898	0.0646	0.1712	0.1066	0.0364	0.3874	0.351	0.0612	0.3584	0.2972	0.048	0.5586	0.5106	0.0314	0.5626	0.5312	0.0443	0.209	0.1647	0.057	0.34	0.283	0.037	0.4832	0.4462	0.0314	0.4704	0.439	0.0356
0.0333	0.4852	0.4519	0.0499	0.1027	0.0528	0.0375	0.4399	0.4024	0.0541	0.3529	0.2988	0.0356	0.5623	0.5267	0.0251	0.5752	0.5501	0.0438	0.1987	0.1549	0.0573	0.3691	0.3118	0.037	0.5117	0.4747	0.0385	0.4719	0.4334	0.0499
0.0388	0.5967	0.5579	0.0517	0.1293	0.0776	0.0936	0.404	0.3104	0.0522	0.4873	0.4351	0.0512	0.4629	0.4117	0.0417	0.6198	0.5781	0.0409	0.2092	0.1683	0.0607	0.2736	0.2129	0.0367	0.4599	0.4232	0.0443	0.6138	0.5695	0.0575
0.0522	0.546	0.4938	0.0575	0.2023	0.1448	0.0472	0.3711	0.3239	0.0475	0.3373	0.2898	0.0383	0.6662	0.6279	0.0351	0.6171	0.582	0.0414	0.1227	0.0813	0.0583	0.3553	0.297	0.0341	0.4824	0.4483	0.0322	0.7902	0.758	0.0512
0.0512	0.5577	0.5065	0.052	0.1298	0.0778	0.0517	0.4077	0.356	0.0607	0.4623	0.4016	0.0454	0.6963	0.6509	0.0356	0.6121	0.5765	0.0393	0.1536	0.1143	0.0583	0.4529	0.3946	0.0309	0.4402	0.4093	0.0385	0.4508	0.4123	0.047
0.0501	0.5329	0.4828	0.0641	0.1446	0.0805	0.0385	0.36	0.3215	0.0501	0.3905	0.3404	0.0356	0.6096	0.574	0.0338	0.5897	0.5559	0.0425	0.1352	0.0927	0.067	0.3693	0.3023	0.0446	0.4684	0.4238	0.0372	0.4493	0.4121	0.0459
0.0472	0.5031	0.4559	0.0578	0.1372	0.0794	0.038	0.4204	0.3824	0.0544	0.3824	0.328	0.0425	0.6657	0.6232	0.037	0.6222	0.5852	0.0385	0.1604	0.1219	0.0583	0.3587	0.3004	0.038	0.5696	0.5316	0.0359	0.7156	0.6797	0.0697
0.048	0.6906	0.6426	0.0602	0.1599	0.0997	0.0422	0.4468	0.4046	0.0475	0.35	0.3025	0.0393	0.6646	0.6253	0.0354	0.585	0.5496	0.0399	0.1529	0.113	0.0599	0.3564	0.2965	0.0338	0.6079	0.5741	0.0319	0.5758	0.5439	0.0501
0.0428	0.49	0.4472	0.0575	0.1427	0.0852	0.0388	0.4776	0.4388	0.0649	0.3104	0.2455	0.0541	0.8279	0.7738	0.0377	0.6203	0.5826	0.0417	0.3255	0.2838	0.0536	0.3147	0.2611	0.042	0.4842	0.4422	0.048	0.8219	0.7739	0.0478
0.0509	0.6885	0.6376	0.0551	0.1836	0.1285	0.0507	0.4748	0.4241	0.053	0.2811	0.2281	0.0417	0.6151	0.5734	0.0409	0.6456	0.6047	0.043	0.2274	0.1844	0.0633	0.5349	0.4716	0.0312	0.5897	0.5585	0.0327	0.9548	0.9221	0.0364
0.0462	0.5954	0.5492	0.0557	0.1596	0.1039	0.0464	0.4457	0.3993	0.0501	0.3468	0.2967	0.0509	0.5671	0.5162	0.0359	0.6309	0.595	0.0383	0.1819	0.1436	0.0646	0.3859	0.3213	0.0412	0.5225	0.4813	0.0388	0.4182	0.3794	0.0517
0.0486	0.448	0.3994	0.0602	0.2857	0.2255	0.0406	0.3703	0.3297	0.0533	0.3181	0.2648	0.0438	0.6435	0.5997	0.0383	0.6884	0.6501	0.047	0.1755	0.1285	0.0612	0.3798	0.3186	0.0383	0.5378	0.4995	0.0451	0.5669	0.5218	0.0591
0.0538	0.5036	0.4498	0.0596	0.361	0.3014	0.0483	0.4753	0.427	0.0478	0.1678	0.12	0.047	0.6035	0.5565	0.0322	0.648	0.6158	0.0346	0.1275	0.0929	0.053	0.3719	0.3189	0.0367	0.4845	0.4478	0.0354	0.453	0.4176	0.0391
0.048	0.4801	0.4321	0.0528	0.1646	0.1118	0.0459	0.3658	0.3199	0.0464	0.2866	0.2402	0.0399	0.6257	0.5858	0.0507	0.6167	0.566	0.0412	0.1634	0.1222	0.0654	0.3946	0.3292	0.0375	0.5169	0.4794	0.0396	0.5012	0.4616	0.0504
0.0501	0.5371	0.487	0.0538	0.1411	0.0873	0.0478	0.4049	0.3571	0.0512	0.3481	0.2969	0.0377	0.6633	0.6256	0.0388	0.5834	0.5446	0.0478	0.1805	0.1327	0.0567	0.3213	0.2646	0.0341	0.5109	0.4768	0.0364	0.4912	0.4548	0.0533
0.0472	0.4672	0.42	0.0507	0.1768	0.1261	0.0536	0.3126	0.259	0.0612	0.2846	0.2234	0.0396	0.6072	0.5676	0.0309	0.7263	0.6954	0.0623	0.127	0.0647	0.062	0.4903	0.4283	0.043	0.4673	0.4243	0.0388	0.5139	0.4751	0.0507
0.0464	0.4237	0.3773	0.0607	0.2237	0.163	0.0464	0.3526	0.3062	0.0549	0.2651	0.2102	0.048	0.5858	0.5378	0.0441	0.5987	0.5546	0.0459	0.1589	0.113	0.0625	0.3722	0.3097	0.0406	0.524	0.4834	0.0446	0.4601	0.4155	0.0718
0.0464	0.4292	0.3828	0.0565	0.1916	0.1351	0.0486	0.3416	0.293	0.0554	0.3209	0.2655	0.0449	0.5392	0.4943	0.0457	0.6468	0.6011	0.0396	0.1821	0.1425	0.0512	0.3311	0.2799	0.0359	0.5132	0.4773	0.0417	0.454	0.4123	0.052
0.0478	0.4312	0.3834	0.0594	0.2973	0.2379	0.0507	0.2991	0.2484	0.0594	0.2709	0.2115	0.0491	0.6486	0.5995	0.0414	0.6066	0.5652	0.0557	0.2035	0.1478	0.0536	0.3303	0.2767	0.0428	0.5088	0.466	0.0412	0.4646	0.4234	0.048
0.0446	0.4522	0.4076	0.0433	0.2097	0.1664	0.0512	0.3608	0.3096	0.057	0.379	0.322	0.0478	0.594	0.5462	0.0396	0.5911	0.5515	0.0446	0.1784	0.1338	0.0625	0.3376	0.2751	0.0449	0.5243	0.4794	0.0422	0.4696	0.4274	0.0538
0.047	0.4256	0.3786	0.0596	0.2165	0.1569	0.0538	0.3729	0.3191	0.0541	0.3015	0.2474	0.0483	0.652	0.6037	0.0507	0.6	0.5493	0.0422	0.1844	0.1422	0.0573	0.3625	0.3052	0.0351	0.4963	0.4612	0.0391	0.433	0.3939	0.067
0.0449	0.4433	0.3984	0.0538	0.1883	0.1345	0.0544	0.3862	0.3318	0.0575	0.2901	0.2326	0.0483	0.5378	0.4895	0.0377	0.5884	0.5507	0.0449	0.1871	0.1422	0.0636	0.3413	0.2777	0.0372	0.5235	0.4863	0.037	0.4944	0.4574	0.0478
0.0517	0.4414	0.3897	0.057	0.1604	0.1034	0.043	0.3996	0.3566	0.0559	0.2906	0.2347	0.0459	0.6977	0.6518	0.0317	0.5971	0.5654	0.0462	0.2024	0.1562	0.0599	0.3643	0.3044	0.0464	0.4955	0.4491	0.0412	0.4778	0.4366	0.0501
0.0399	0.4383	0.3984	0.0549	0.2353	0.1804	0.0459	0.3708	0.3249	0.0478	0.3545	0.3067	0.0396	0.5231	0.4835	0.0446	0.6101	0.5655	0.0438	0.1961	0.1523	0.0615	0.3274	0.2659	0.0404	0.4979	0.4575	0.042	0.4422	0.4002	0.0412
0.0412	0.5105	0.4693	0.0525	0.1409	0.0884	0.043	0.4381	0.3951	0.0549	0.3202	0.2653	0.0457	0.6199	0.5742	0.042	0.6665	0.6245	0.0414	0.1525	0.1111	0.0493	0.3468	0.2975	0.0356	0.486	0.4504	0.0367	0.4345	0.3978	0.0446
0.0412	0.5741	0.5329	0.0554	0.1543	0.0989	0.0375	0.3909	0.3534	0.0451	1.0635	1.0184	0.0478	1.0845	1.0367	0.0417	0.6565	0.6148	0.0438	0.2976	0.2538	0.0546	0.4621	0.4075	0.0391	0.7601	0.721	0.0325	1.1241	1.0916	0.0478
0.043	0.5358	0.4928	0.0417	0.2055	0.1638	0.0348	0.361	0.3262	0.0454	0.2957	0.2503	0.0435	0.6807	0.6372	0.0375	0.6638	0.6263	0.047	0.2858	0.2388	0.0522	0.3336	0.2814	0.0417	0.5551	0.5134	0.0449	1.1959	1.151	0.0723
0.0449	0.5994	0.5545	0.0575	0.1947	0.1372	0.0422	0.4394	0.3972	0.047	0.312	0.265	0.0541	0.5887	0.5346	0.0412	0.6512	0.61	0.0401	0.1866	0.1465	0.0586	0.3981	0.3395	0.0377	0.5514	0.5137	0.0367	0.5571	0.5204	0.0354
0.0412	0.5667	0.5255	0.0546	0.2943	0.2397	0.0351	0.3571	0.322	0.0594	0.2988	0.2394	0.0399	0.6125	0.5726	0.0362	0.6272	0.591	0.0441	0.2995	0.2554	0.0639	0.285	0.2211	0.0457	0.5114	0.4657	0.0343	0.535	0.5007	0.0522
0.0443	0.3973	0.353	0.0575	0.2935	0.236	0.038	0.3648	0.3268	0.0525	0.6142	0.5617	0.0443	0.6593	0.615	0.0346	0.6931	0.6585	0.042	0.2594	0.2174	0.0562	0.4157	0.3595	0.0348	0.5187	0.4839	0.0346	0.4063	0.3717	0.0383
0.0435	0.5455	0.502	0.0554	0.1277	0.0723	0.0417	0.4228	0.3811	0.0472	0.2758	0.2286	0.0412	0.6694	0.6282	0.0351	0.6369	0.6018	0.0414	0.1726	0.1312	0.0541	0.3577	0.3036	0.0306	0.4694	0.4388	0.0317	0.5263	0.4946	0.0512
0.0512	0.4712	0.42	0.0528	0.2649	0.2121	0.0406	0.3194	0.2788	0.0565	0.3302	0.2737	0.0528	0.6326	0.5798	0.0356	0.7036	0.668	0.0457	0.1769	0.1312	0.0636	0.3901	0.3265	0.0388	0.5082	0.4694	0.0406	0.4988	0.4582	0.0559
0.0338	0.4591	0.4253	0.0557	0.2293	0.1736	0.0422	0.3552	0.313	0.0575	0.4322	0.3747	0.0428	0.6011	0.5583	0.0322	0.618	0.5858	0.0359	0.2082	0.1723	0.062	0.4608	0.3988	0.0422	0.4971	0.4549	0.0443	0.4479	0.4036	0.0451
0.043	0.3995	0.3565	0.0551	0.1912	0.1361	0.0628	0.3408	0.278	0.053	0.5356	0.4826	0.0364	0.5984	0.562	0.0301	0.6857	0.6556	0.0441	0.1935	0.1494	0.0633	0.4072	0.3439	0.0338	0.5188	0.485	0.0406	0.5233	0.4827	0.0544
0.0377	0.3414	0.3037	0.0512	0.2403	0.1891	0.0406	0.2498	0.2092	0.0551	0.5414	0.4863	0.0422	0.6467	0.6045	0.0375	0.7723	0.7348	0.0512	0.189	0.1378	0.0591	0.4273	0.3682	0.0333	0.5338	0.5005	0.0362	0.5131	0.4769	0.0493
0.0428	0.7012	0.6584	0.0662	0.1335	0.0673	0.0443	0.4668	0.4225	0.0478	0.408	0.3602	0.037	0.6246	0.5876	0.0354	0.6296	0.5942	0.0388	0.1309	0.0921	0.0646	0.4333	0.3687	0.0314	0.4884	0.457	0.0341	0.4454	0.4113	0.0438
0.0449	0.6988	0.6539	0.0633	0.1588	0.0955	0.0617	0.3613	0.2996	0.0528	0.4059	0.3531	0.0549	0.5547	0.4998	0.0325	0.6876	0.6551	0.0417	0.2485	0.2068	0.0501	0.37	0.3199	0.0377	0.5812	0.5435	0.033	0.4108	0.3778	0.0385
0.0428	0.3399	0.2971	0.0573	0.2398	0.1825	0.0417	0.2398	0.1981	0.0649	0.259	0.1941	0.0533	0.6172	0.5639	0.0322	0.5921	0.5599	0.0414	0.1119	0.0705	0.0652	0.3727	0.3075	0.0438	0.5113	0.4675	0.0422	0.4432	0.401	0.0404
0.0433	0.4604	0.4171	0.0462	0.3181	0.2719	0.0406	0.35	0.3094	0.0528	0.1752	0.1224	0.0364	0.6565	0.6201	0.0312	0.5734	0.5422	0.0464	0.162	0.1156	0.0565	0.3912	0.3347	0.0428	0.5032	0.4604	0.0372	0.4588	0.4216	0.0443
0.0462	0.3987	0.3525	0.0507	0.2693	0.2186	0.037	0.3015	0.2645	0.0435	0.5419	0.4984	0.0414	0.5588	0.5174	0.0314	0.6633	0.6319	0.0406	0.2169	0.1763	0.0657	0.4007	0.335	0.0377	0.6105	0.5728	0.0425	0.5503	0.5078	0.0414
0.053	0.5508	0.4978	0.0612	0.2258	0.1646	0.0409	0.2585	0.2176	0.0581	0.2733	0.2152	0.0541	0.5478	0.4937	0.0433	0.5552	0.5119	0.0438	0.3108	0.267	0.0604	0.3094	0.249	0.038	0.4871	0.4491	0.0388	0.4364	0.3976	0.0486
0.0493	0.3802	0.3309	0.0594	0.2345	0.1751	0.0557	0.344	0.2883	0.0612	0.3987	0.3375	0.0417	0.542	0.5003	0.0388	0.6285	0.5897	0.0377	0.3223	0.2846	0.0554	0.2688	0.2134	0.0393	0.5037	0.4644	0.033	0.478	0.445	0.0406
0.0377	0.5097	0.472	0.0475	0.2709	0.2234	0.0409	0.2883	0.2474	0.0457	0.4903	0.4446	0.042	0.4409	0.3989	0.0351	0.605	0.5699	0.0285	0.2008	0.1723	0.0525	0.3788	0.3263	0.0327	0.4781	0.4454	0.0393	0.4406	0.4013	0.0364
0.0454	0.4973	0.4519	0.0639	0.1546	0.0907	0.0493	0.3431	0.2938	0.0557	0.3866	0.3309	0.0441	0.7277	0.6836	0.0354	0.8211	0.7857	0.0417	0.2327	0.191	0.0604	0.3387	0.2783	0.042	0.5918	0.5498	0.0359	0.5295	0.4936	0.0488
0.0493	0.4677	0.4184	0.0652	0.2372	0.172	0.0348	0.2701	0.2353	0.0565	0.369	0.3125	0.0391	0.5677	0.5286	0.0399	0.6433	0.6034	0.0351	0.1908	0.1557	0.0588	0.3181	0.2593	0.0312	0.5328	0.5016	0.0362	0.5002	0.464	0.0351
0.038	0.3987	0.3607	0.0581	0.209	0.1509	0.042	0.2575	0.2155	0.0602	0.3429	0.2827	0.047	0.5943	0.5473	0.0343	0.6327	0.5984	0.0306	0.2034	0.1728	0.0617	0.3123	0.2506	0.0396	0.514	0.4744	0.0425	0.5171	0.4746	0.0559
0.0509	0.4931	0.4422	0.0557	0.1673	0.1116	0.0385	0.346	0.3075	0.0578	0.4842	0.4264	0.0377	0.5641	0.5264	0.0417	0.571	0.5293	0.0472	0.1918	0.1446	0.0602	0.3511	0.2909	0.0388	0.6221	0.5833	0.0704	0.5748	0.5044	0.0536
0.038	0.4451	0.4071	0.0567	0.1148	0.0581	0.0472	0.3587	0.3115	0.0602	0.263	0.2028	0.0562	0.5766	0.5204	0.0401	0.6132	0.5731	0.0425	0.1723	0.1298	0.0549	0.3946	0.3397	0.0441	0.5884	0.5443	0.0396	0.5585	0.5189	0.052
0.0422	0.4625	0.4203	0.0488	0.2506	0.2018	0.0372	0.3658	0.3286	0.053	0.7152	0.6622	0.0391	0.5466	0.5075	0.0335	0.5513	0.5178	0.0375	0.19	0.1525	0.0599	0.4756	0.4157	0.0351	0.4953	0.4602	0.048	0.4595	0.4115	0.0496
0.0406	0.4084	0.3678	0.0536	0.1918	0.1382	0.0462	0.3221	0.2759	0.0525	0.3378	0.2853	0.0396	0.6046	0.565	0.0322	0.6098	0.5776	0.0501	0.3806	0.3305	0.0554	0.3078	0.2524	0.0314	0.7772	0.7458	0.0327	0.4796	0.4469	0.0425
0.0362	0.4446	0.4084	0.0499	0.273	0.2231	0.0412	0.2643	0.2231	0.0491	0.3418	0.2927	0.042	0.531	0.489	0.0317	0.569	0.5373	0.0375	0.2203	0.1828	0.0536	0.3488	0.2952	0.0351	0.5293	0.4942	0.0396	0.4435	0.4039	0.0417
0.0364	0.4881	0.4517	0.052	0.1968	0.1448	0.0348	0.37	0.3352	0.0493	0.3599	0.3106	0.0412	0.6736	0.6324	0.0341	0.6496	0.6155	0.0591	0.4062	0.3471	0.0486	0.2631	0.2145	0.0341	0.5573	0.5232	0.0348	0.4477	0.4129	0.038
0.0491	0.3884	0.3393	0.0515	0.2435	0.192	0.0459	0.2925	0.2466	0.0536	0.3157	0.2621	0.0377	0.6776	0.6399	0.0396	0.6781	0.6385	0.0356	0.2446	0.209	0.0565	0.3501	0.2936	0.0335	0.5229	0.4894	0.0467	0.4925	0.4458	0.0507
0.0486	0.674	0.6254	0.0623	0.1077	0.0454	0.028	0.4125	0.3845	0.052	0.3044	0.2524	0.052	0.6291	0.5771	0.0335	0.6704	0.6369	0.0412	0.2085	0.1673	0.0586	0.3342	0.2756	0.0406	0.5282	0.4876	0.0446	0.5028	0.4582	0.0504
0.0457	0.5464	0.5007	0.0499	0.2047	0.1548	0.0335	0.3502	0.3167	0.0504	0.3951	0.3447	0.0404	0.5808	0.5404	0.0312	0.637	0.6058	0.033	0.1984	0.1654	0.0509	0.3577	0.3068	0.0362	0.5127	0.4765	0.0412	0.5192	0.478	0.0549
0.0375	0.539	0.5015	0.0509	0.1282	0.0773	0.0346	0.3909	0.3563	0.0475	0.4051	0.3576	0.0383	0.5231	0.4848	0.0359	0.6393	0.6034	0.0335	0.2003	0.1668	0.0486	0.4004	0.3518	0.0272	0.4974	0.4702	0.0377	0.5044	0.4667	0.0512
0.0443	0.564	0.5197	0.0617	0.1419	0.0802	0.0425	0.3474	0.3049	0.0544	0.4262	0.3718	0.0486	0.7836	0.735	0.037	0.8651	0.8281	0.0417	0.3005	0.2588	0.0512	0.3013	0.2501	0.037	0.5562	0.5192	0.0285	0.4174	0.3889	0.0425
0.0377	0.4416	0.4039	0.0525	0.2785	0.226	0.0343	0.2883	0.254	0.0449	0.3719	0.327	0.0515	0.5879	0.5364	0.0198	0.653	0.6332	0.0399	0.1737	0.1338	0.0536	0.4901	0.4365	0.033	0.5261	0.4931	0.0364	0.5389	0.5025	0.0472
0.0554	0.6837	0.6283	0.0454	0.6219	0.5765	0.0536	0.4249	0.3713	0.0438	0.5989	0.5551	0.0441	0.6041	0.56	0.0428	0.5669	0.5241	0.0533	0.3888	0.3355	0.0583	0.4075	0.3492	0.0459	0.803	0.7571	0.0377	1.4017	1.364	0.0715
0.0491	0.7144	0.6653	0.053	0.283	0.23	0.0483	0.6079	0.5596	0.042	0.8315	0.7895	0.0512	0.3577	0.3065	0.0467	0.5863	0.5396	0.0525	0.3345	0.282	0.0512	0.2936	0.2424	0.042	0.4829	0.4409	0.0517	0.7757	0.724	0.0594
0.0433	0.9467	0.9034	0.0631	0.1955	0.1324	0.052	0.7746	0.7226	0.0612	0.3399	0.2787	0.0628	0.6966	0.6338	0.0428	0.7646	0.7218	0.0483	0.4935	0.4452	0.0414	0.3547	0.3133	0.0493	0.8204	0.7711	0.0483	1.5265	1.4782	0.0699
0.0544	1.1163	1.0619	0.0612	0.3094	0.2482	0.0522	0.4539	0.4017	0.0454	1.8394	1.794	0.0362	2.0932	2.057	0.0443	0.5808	0.5365	0.0504	0.2665	0.2161	0.0694	0.3369	0.2675	0.0462	0.4665	0.4203	0.0491	0.5701	0.521	0.0641
0.053	1.262	1.209	0.0544	0.185	0.1306	0.0486	0.382	0.3334	0.0551	0.3032	0.2481	0.0544	0.6732	0.6188	0.0393	0.7888	0.7495	0.0464	0.5444	0.498	0.0591	0.2179	0.1588	0.0406	0.631	0.5904	0.0417	1.2507	1.209	0.0755
0.0428	0.8391	0.7963	0.0459	0.1788	0.1329	0.0377	0.475	0.4373	0.0575	0.2205	0.163	0.0646	0.6599	0.5953	0.0422	0.6723	0.6301	0.0501	0.2567	0.2066	0.0549	0.3366	0.2817	0.0464	0.515	0.4686	0.0515	1.0279	0.9764	0.057
0.0454	1.1848	1.1394	0.057	0.1841	0.1271	0.0451	1.0672	1.0221	0.0512	0.3402	0.289	0.0541	2.6147	2.5606	0.0551	1.1448	1.0897	0.0583	0.4168	0.3585	0.0528	0.2441	0.1913	0.0401	0.5069	0.4668	0.0499	0.7486	0.6987	0.0528
0.043	0.9074	0.8644	0.0583	0.1319	0.0736	0.0522	0.4715	0.4193	0.0433	0.6994	0.6561	0.0462	1.287	1.2408	0.0401	0.6894	0.6493	0.0401	0.3978	0.3577	0.0351	0.2427	0.2076	0.0422	0.5812	0.539	0.0499	1.4735	1.4236	0.052
0.066	0.5846	0.5186	0.0507	0.2008	0.1501	0.0433	0.3611	0.3178	0.0559	0.3162	0.2603	0.0435	0.9858	0.9423	0.0425	1.1295	1.087	0.052	0.2388	0.1868	0.0549	0.3155	0.2606	0.0454	0.6015	0.5561	0.0544	1.1336	1.0792	0.0789
0.0554	1.7169	1.6615	0.0591	0.2893	0.2302	0.0464	0.3927	0.3463	0.0388	2.4983	2.4595	0.0578	0.3108	0.253	0.0449	1.3722	1.3273	0.0417	0.219	0.1773	0.0383	0.3395	0.3012	0.0391	0.4573	0.4182	0.0443	0.9297	0.8854	0.0478
0.061	1.0994	1.0384	0.0615	0.205	0.1435	0.0449	0.565	0.5201	0.0525	0.4647	0.4122	0.0462	3.9245	3.8783	0.0525	1.0958	1.0433	0.0538	0.4128	0.359	0.0551	0.3671	0.312	0.0464	0.5609	0.5145	0.0443	0.9825	0.9382	0.0425
0.0567	0.7243	0.6676	0.0581	0.1784	0.1203	0.0504	0.6187	0.5683	0.0562	0.4874	0.4312	0.0467	1.6775	1.6308	0.047	1.1693	1.1223	0.0499	0.5584	0.5085	0.0428	0.1391	0.0963	0.0385	0.562	0.5235	0.042	0.8022	0.7602	0.0581
0.0636	0.5857	0.5221	0.0557	0.2772	0.2215	0.0507	0.3817	0.331	0.053	0.5683	0.5153	0.0559	0.632	0.5761	0.0391	0.6557	0.6166	0.0504	0.3116	0.2612	0.0733	0.4251	0.3518	0.0438	0.6007	0.5569	0.0522	0.9555	0.9033	0.0623
0.0507	0.779	0.7283	0.0604	0.2819	0.2215	0.0496	0.5615	0.5119	0.047	0.7445	0.6975	0.0646	1.6422	1.5776	0.0467	0.7142	0.6675	0.0457	0.5389	0.4932	0.0549	0.3355	0.2806	0.0433	0.6583	0.615	0.0454	1.0255	0.9801	0.0522
0.0581	0.8043	0.7462	0.0522	0.1873	0.1351	0.048	0.442	0.394	0.0538	0.572	0.5182	0.0462	0.9972	0.951	0.043	1.1443	1.1013	0.0459	0.5644	0.5185	0.0404	0.243	0.2026	0.0341	0.4542	0.4201	0.0404	0.7114	0.671	0.0596
0.0573	0.5016	0.4443	0.0602	0.1905	0.1303	0.048	0.3365	0.2885	0.0509	0.5066	0.4557	0.0406	1.9733	1.9327	0.0454	0.6688	0.6234	0.0628	0.3511	0.2883	0.0599	0.2604	0.2005	0.0438	0.4739	0.4301	0.0443	0.5953	0.551	0.0649
0.0544	0.6086	0.5542	0.0546	0.2722	0.2176	0.0522	0.3051	0.2529	0.0457	0.6377	0.592	0.0778	1.1259	1.0481	0.0399	0.6315	0.5916	0.0512	0.2198	0.1686	0.061	0.3242	0.2632	0.0446	0.5156	0.471	0.0435	0.5877	0.5442	0.066
0.0536	0.5575	0.5039	0.0428	0.1259	0.0831	0.0467	0.3917	0.345	0.0451	1.3852	1.3401	0.0546	1.205	1.1504	0.0383	0.7327	0.6944	0.0478	0.2399	0.1921	0.0675	0.2975	0.23	0.052	0.6496	0.5976	0.0435	0.8055	0.762	0.0594
0.0615	0.7444	0.6829	0.0538	0.3455	0.2917	0.0512	0.3447	0.2935	0.0522	0.3589	0.3067	0.0475	0.7027	0.6552	0.0459	0.7314	0.6855	0.0425	0.5816	0.5391	0.0517	0.1525	0.1008	0.0343	0.5356	0.5013	0.0375	0.9509	0.9134	0.0668
0.061	0.4198	0.3588	0.0544	0.3342	0.2798	0.0525	0.3481	0.2956	0.0559	0.4636	0.4077	0.0496	0.6549	0.6053	0.0435	0.6641	0.6206	0.0451	0.2274	0.1823	0.0641	0.4357	0.3716	0.0522	0.7262	0.674	0.0451	0.9339	0.8888	0.061
0.0512	0.4243	0.3731	0.0583	0.2221	0.1638	0.0504	0.3503	0.2999	0.0581	0.3774	0.3193	0.0459	0.566	0.5201	0.0348	0.6722	0.6374	0.0546	0.3121	0.2575	0.0583	0.3832	0.3249	0.0385	0.6761	0.6376	0.0401	2.0905	2.0504	0.0541
0.0567	0.5777	0.521	0.057	0.2414	0.1844	0.0451	0.3827	0.3376	0.0615	0.5915	0.53	0.0478	0.8847	0.8369	0.0412	1.1169	1.0757	0.0509	0.3078	0.2569	0.0565	0.3044	0.2479	0.0377	0.5066	0.4689	0.0451	0.7871	0.742	0.0496
0.057	0.4401	0.3831	0.0596	0.2487	0.1891	0.0459	0.3452	0.2993	0.0499	1.0354	0.9855	0.0385	0.7034	0.6649	0.0472	0.6417	0.5945	0.0428	0.2011	0.1583	0.0551	0.2988	0.2437	0.0401	0.4776	0.4375	0.0377	0.5985	0.5608	0.0657
0.0602	0.4955	0.4353	0.0586	0.1752	0.1166	0.0575	0.3914	0.3339	0.0541	0.6079	0.5538	0.048	1.0074	0.9594	0.0433	0.9669	0.9236	0.048	0.4898	0.4418	0.0467	0.2372	0.1905	0.0406	0.5693	0.5287	0.0433	1.3103	1.267	0.0507
0.0544	0.6962	0.6418	0.0544	0.1404	0.086	0.0409	0.4518	0.4109	0.0509	0.4517	0.4008	0.0406	0.5333	0.4927	0.0454	0.663	0.6176	0.0522	0.3967	0.3445	0.0583	0.3532	0.2949	0.0454	0.629	0.5836	0.0462	0.6194	0.5732	0.0646
0.0546	0.4411	0.3865	0.0596	0.1815	0.1219	0.0567	0.308	0.2513	0.0515	0.3888	0.3373	0.0602	0.5983	0.5381	0.0388	0.6061	0.5673	0.0491	0.2649	0.2158	0.0557	0.4104	0.3547	0.043	0.895	0.852	0.0768	1.0284	0.9516	0.0541
0.0599	0.901	0.8411	0.0586	0.1359	0.0773	0.0375	0.8508	0.8133	0.0533	1.0854	1.0321	0.0496	0.7335	0.6839	0.0459	0.9484	0.9025	0.0525	0.3036	0.2511	0.053	0.321	0.268	0.038	0.4942	0.4562	0.0507	0.7431	0.6924	0.0583
0.0443	0.5505	0.5062	0.0438	0.1306	0.0868	0.0499	0.3775	0.3276	0.0549	0.6163	0.5614	0.0541	1.2145	1.1604	0.037	0.6323	0.5953	0.0483	0.2797	0.2314	0.0607	0.4271	0.3664	0.0428	0.5254	0.4826	0.0512	0.7992	0.748	0.048
0.0491	1.2687	1.2196	0.0515	0.1515	0.1	0.0491	0.4072	0.3581	0.0478	0.282	0.2342	0.0533	0.6763	0.623	0.0449	1.0721	1.0272	0.0451	0.3814	0.3363	0.0504	0.345	0.2946	0.052	0.5124	0.4604	0.0602	0.9802	0.92	0.0581
0.0604	0.507	0.4466	0.0736	0.1926	0.119	0.0491	0.3426	0.2935	0.0546	0.3033	0.2487	0.0559	0.6475	0.5916	0.0351	0.7049	0.6698	0.0435	0.2398	0.1963	0.0607	0.3469	0.2862	0.048	0.5003	0.4523	0.042	0.7091	0.6671	0.0588
0.0486	0.4623	0.4137	0.0607	0.3265	0.2658	0.0681	0.2353	0.1672	0.0625	0.3829	0.3204	0.0544	0.5716	0.5172	0.0341	0.6206	0.5865	0.0488	0.3566	0.3078	0.0562	0.2662	0.21	0.0446	0.5164	0.4718	0.0483	0.7998	0.7515	0.0522
0.0617	0.4896	0.4279	0.057	0.1844	0.1274	0.0493	0.4246	0.3753	0.048	0.4414	0.3934	0.0533	0.6323	0.579	0.0406	0.6516	0.611	0.0488	0.2564	0.2076	0.0596	0.4043	0.3447	0.042	0.4808	0.4388	0.0467	0.6531	0.6064	0.0612
0.0512	0.4575	0.4063	0.0641	0.1319	0.0678	0.0422	0.4114	0.3692	0.0562	0.3075	0.2513	0.0559	0.6765	0.6206	0.0396	0.6243	0.5847	0.0483	0.2757	0.2274	0.0768	0.3	0.2232	0.0493	0.5277	0.4784	0.0435	0.6417	0.5982	0.0575
0.0507	0.7782	0.7275	0.0525	0.2548	0.2023	0.0478	0.282	0.2342	0.0501	0.3315	0.2814	0.0454	0.5062	0.4608	0.0393	0.585	0.5457	0.043	0.2417	0.1987	0.0723	0.4231	0.3508	0.0409	0.4892	0.4483	0.0533	0.8556	0.8023	0.0554
0.0475	0.452	0.4045	0.0594	0.1929	0.1335	0.0557	0.3627	0.307	0.0554	0.4238	0.3684	0.0472	0.7324	0.6852	0.0425	0.6256	0.5831	0.0428	0.2589	0.2161	0.0654	0.3213	0.2559	0.0441	0.5132	0.4691	0.0449	0.6764	0.6315	0.0559
0.0575	0.4707	0.4132	0.0573	0.142	0.0847	0.0525	0.355	0.3025	0.0581	0.3706	0.3125	0.0451	0.6984	0.6533	0.0433	0.59	0.5467	0.0507	0.1827	0.132	0.0596	0.3297	0.2701	0.0451	0.5572	0.5121	0.0483	0.7618	0.7135	0.0625
0.0486	0.4022	0.3536	0.057	0.2519	0.1949	0.047	0.2838	0.2368	0.0562	0.3953	0.3391	0.0578	0.7304	0.6726	0.0478	1.0276	0.9798	0.0412	0.2757	0.2345	0.0264	0.316	0.2896	0.0425	0.5314	0.4889	0.0406	0.8561	0.8155	0.057
0.053	0.5927	0.5397	0.0565	0.1897	0.1332	0.0443	0.3864	0.3421	0.0528	0.3257	0.2729	0.0486	0.4031	0.3545	0.0414	0.6098	0.5684	0.0459	0.2295	0.1836	0.0654	0.2643	0.1989	0.0441	0.475	0.4309	0.0438	0.8108	0.767	0.0533
0.0565	0.4472	0.3907	0.0557	0.2498	0.1941	0.053	0.3196	0.2666	0.0551	0.3821	0.327	0.0475	0.58	0.5325	0.0388	0.6417	0.6029	0.0464	0.2092	0.1628	0.0649	0.3263	0.2614	0.0554	0.5293	0.4739	0.047	0.4691	0.4221	0.0509
0.0491	0.4723	0.4232	0.0641	0.2379	0.1738	0.0404	0.2754	0.235	0.0451	0.3059	0.2608	0.0462	0.3942	0.348	0.033	0.5831	0.5501	0.0362	0.2003	0.1641	0.0504	0.3516	0.3012	0.0451	0.4512	0.4061	0.0409	0.555	0.5141	0.0683
0.0573	0.4285	0.3712	0.0575	0.1543	0.0968	0.0522	0.3476	0.2954	0.0446	0.3589	0.3143	0.0507	0.5392	0.4885	0.0372	0.6164	0.5792	0.0435	0.2031	0.1596	0.0633	0.3545	0.2912	0.0467	0.4481	0.4014	0.0454	0.6711	0.6257	0.0491
0.0457	0.5926	0.5469	0.0583	0.2471	0.1888	0.0509	0.307	0.2561	0.0496	0.3452	0.2956	0.0573	0.6062	0.5489	0.0364	0.7677	0.7313	0.0491	0.32	0.2709	0.0673	0.3121	0.2448	0.0446	0.5364	0.4918	0.0433	0.6062	0.5629	0.0683
0.0512	0.9496	0.8984	0.0557	0.4429	0.3872	0.0599	0.3408	0.2809	0.0583	0.279	0.2207	0.0486	0.6771	0.6285	0.0367	0.5758	0.5391	0.043	0.1602	0.1172	0.0628	0.4152	0.3524	0.0504	0.5749	0.5245	0.0449	0.7019	0.657	0.0712
0.0567	0.4706	0.4139	0.0567	0.1543	0.0976	0.0501	0.3777	0.3276	0.0604	0.3307	0.2703	0.0575	0.6114	0.5539	0.0354	0.5884	0.553	0.0425	0.324	0.2815	0.0544	0.2973	0.2429	0.0383	0.4921	0.4538	0.0417	0.655	0.6133	0.0689
0.0536	0.5319	0.4783	0.0591	0.2007	0.1416	0.0544	0.3516	0.2972	0.0578	0.3882	0.3304	0.0546	0.6177	0.5631	0.0404	0.6285	0.5881	0.0517	0.2327	0.181	0.0591	0.3619	0.3028	0.0438	0.5258	0.482	0.0364	0.801	0.7646	0.0536
0.0607	0.4823	0.4216	0.0567	0.1786	0.1219	0.062	0.3787	0.3167	0.0441	0.3131	0.269	0.0478	0.5229	0.4751	0.0393	0.725	0.6857	0.0464	0.32	0.2736	0.0623	0.3284	0.2661	0.0401	0.6777	0.6376	0.0362	0.8968	0.8606	0.0536
0.0559	0.5376	0.4817	0.0591	0.2878	0.2287	0.0464	0.2759	0.2295	0.0525	0.3365	0.284	0.0478	0.56	0.5122	0.037	0.5922	0.5552	0.0443	0.1865	0.1422	0.0644	0.3229	0.2585	0.0388	0.5037	0.4649	0.0433	0.6437	0.6004	0.0538
0.0549	0.4409	0.386	0.0544	0.2459	0.1915	0.0581	0.2678	0.2097	0.0554	0.3961	0.3407	0.0517	0.5473	0.4956	0.0428	0.6061	0.5633	0.0528	0.2074	0.1546	0.0665	0.3872	0.3207	0.0425	0.5035	0.461	0.0446	0.6887	0.6441	0.0475
0.0544	0.4193	0.3649	0.066	0.2522	0.1862	0.0541	0.2783	0.2242	0.0567	0.3484	0.2917	0.0607	0.6006	0.5399	0.0383	0.584	0.5457	0.0583	0.2936	0.2353	0.062	0.3128	0.2508	0.0433	0.6862	0.6429	0.061	0.7964	0.7354	0.0704
0.0557	0.448	0.3923	0.0559	0.221	0.1651	0.0625	0.292	0.2295	0.0604	0.3001	0.2397	0.0544	0.7114	0.657	0.0393	0.6188	0.5795	0.043	0.0987	0.0557	0.062	0.4036	0.3416	0.0367	0.4752	0.4385	0.0391	0.5806	0.5415	0.0515