0.0952	1.2581	1.1629	0.1327	0.6037	0.471	0.0981	0.6822	0.5841	0.1664	1.5152	1.3488	0.1443	1.9344	1.7901	0.0881	1.9172	1.8291	0.086	0.8028	0.7168	0.1517	0.8086	0.6569	0.1031	1.9514	1.8483	0.0818	2.4882	2.4064	0.0955
0.1063	0.7312	0.6249	0.1092	0.4135	0.3043	0.1031	0.7402	0.6371	0.1366	2.5613	2.4247	0.1256	2.4896	2.364	0.0894	1.024	0.9346	0.1018	0.417	0.3152	0.1409	0.9458	0.8049	0.1111	1.1327	1.0216	0.0776	1.5521	1.4745	0.0889
0.0673	1.3504	1.2831	0.1274	0.2253	0.0979	0.0791	1.2642	1.1851	0.1242	3.022	2.8978	0.1153	1.3434	1.2281	0.0913	0.9613	0.87	0.0931	0.7701	0.677	0.1693	0.5167	0.3474	0.1153	1.0335	0.9182	0.0733	0.8187	0.7454	0.0836
0.1055	0.5928	0.4873	0.1021	0.3284	0.2263	0.0973	0.6825	0.5852	0.1414	0.9921	0.8507	0.1224	1.7018	1.5794	0.0755	0.936	0.8605	0.0929	0.262	0.1691	0.1422	0.3335	0.1913	0.072	0.4599	0.3879	0.0897	0.8762	0.7865	0.0886
0.0878	2.0341	1.9463	0.1161	0.2161	0.1	0.076	0.8637	0.7877	0.1422	1.4038	1.2616	0.0966	2.2071	2.1105	0.1351	0.9107	0.7756	0.0546	0.2034	0.1488	0.1923	0.561	0.3687	0.0807	1.1624	1.0817	0.0718	2.1739	2.1021	0.0673
0.0805	0.5543	0.4738	0.129	0.5338	0.4048	0.0973	0.6292	0.5319	0.1271	0.7294	0.6023	0.0773	2.7414	2.6641	0.0881	1.4618	1.3737	0.1076	0.6124	0.5048	0.1627	0.3273	0.1646	0.0694	0.5058	0.4364	0.0644	0.8396	0.7752	0.0736
0.0726	2.0477	1.9751	0.1068	0.297	0.1902	0.0778	0.6203	0.5425	0.1216	2.9472	2.8256	0.0794	8.3702	8.2908	0.0826	2.6604	2.5778	0.1153	0.3282	0.2129	0.0955	0.4919	0.3964	0.0955	0.697	0.6015	0.0718	1.9353	1.8635	0.0815
0.0681	3.5054	3.4373	0.1419	0.9742	0.8323	0.0715	25.9873	25.9158	0.1438	1.0712	0.9274	0.0926	1.6287	1.5361	0.0947	1.0457	0.951	0.0849	0.2482	0.1633	0.1385	0.2725	0.134	0.0689	0.4436	0.3747	0.0718	0.7399	0.6681	0.0805
0.061	3.5769	3.5159	0.1176	0.2513	0.1337	0.0755	0.4603	0.3848	0.1256	0.8534	0.7278	0.0805	2.1045	2.024	0.096	1.0671	0.9711	0.0902	0.2372	0.147	0.1725	0.2709	0.0984	0.0726	0.4634	0.3908	0.0712	1.2881	1.2169	0.0694
0.0691	1.5215	1.4524	0.1053	0.2327	0.1274	0.066	0.4165	0.3505	0.1295	1.4965	1.367	0.0807	1.8565	1.7758	0.1271	1.4037	1.2766	0.0657	0.4964	0.4307	0.1765	0.2979	0.1214	0.0665	0.5631	0.4966	0.0739	0.8947	0.8208	0.0752
0.0955	1.0746	0.9791	0.1208	0.2675	0.1467	0.0881	0.6854	0.5973	0.1688	1.1165	0.9477	0.1242	1.1496	1.0254	0.0786	0.8431	0.7645	0.0897	0.2124	0.1227	0.1801	0.2419	0.0618	0.0765	0.3948	0.3183	0.076	0.664	0.588	0.077
0.0857	0.9648	0.8791	0.1182	0.2232	0.105	0.0805	0.6459	0.5654	0.1422	0.9974	0.8552	0.0884	1.9273	1.8389	0.082	1.1696	1.0876	0.0947	0.2108	0.1161	0.1625	0.233	0.0705	0.076	0.5327	0.4567	0.0765	1.0924	1.0159	0.0881
0.0657	0.5292	0.4635	0.1269	0.2055	0.0786	0.0847	0.6873	0.6026	0.1382	0.933	0.7948	0.0781	1.3653	1.2872	0.1263	0.8394	0.7131	0.0802	0.1998	0.1196	0.1414	0.204	0.0626	0.0675	0.4944	0.4269	0.0749	1.0785	1.0036	0.0707
0.0765	0.4638	0.3873	0.1179	0.2239	0.106	0.0778	0.3476	0.2698	0.13	1.1513	1.0213	0.0889	2.8209	2.732	0.1121	0.6103	0.4982	0.0813	1.7831	1.7018	0.1622	0.5077	0.3455	0.0604	0.6202	0.5598	0.0668	1.2745	1.2077	0.0726
0.0778	0.8731	0.7953	0.1161	0.2148	0.0987	0.0691	0.2904	0.2213	0.1377	4.6417	4.504	0.1063	5.1051	4.9988	0.1	1.1229	1.0229	0.0844	0.1597	0.0753	0.1575	0.2372	0.0797	0.0657	0.4386	0.3729	0.0871	0.9572	0.8701	0.0673
0.072	0.4271	0.3551	0.1232	0.2641	0.1409	0.0752	0.7113	0.6361	0.1456	1.1798	1.0342	0.1435	3.0575	2.914	0.1179	1.211	1.0931	0.0828	0.2303	0.1475	0.1076	0.1786	0.071	0.082	0.3982	0.3162	0.0828	1.0544	0.9716	0.0797
0.0844	1.1966	1.1122	0.1116	0.2008	0.0892	0.0878	0.3057	0.2179	0.1295	2.6186	2.4891	0.1066	1.0877	0.9811	0.0921	1.1583	1.0662	0.0886	0.1934	0.1048	0.1358	0.2363	0.1005	0.0718	0.5022	0.4304	0.0802	0.9255	0.8453	0.0744
0.0712	0.5076	0.4364	0.1108	0.1952	0.0844	0.0773	0.3091	0.2318	0.1248	2.1099	1.9851	0.0791	1.8181	1.739	0.0791	1.1965	1.1174	0.0686	0.1977	0.1291	0.1701	0.2564	0.0863	0.071	0.4389	0.3679	0.0718	1.565	1.4932	0.0644
0.0675	0.6165	0.549	0.1089	0.2015	0.0926	0.0702	0.2641	0.1939	0.1393	1.2619	1.1226	0.0649	1.0077	0.9428	0.0691	1.2563	1.1872	0.0778	0.1889	0.1111	0.1786	0.218	0.0394	0.071	0.3867	0.3157	0.0628	1.3538	1.291	0.0673
0.0678	0.3552	0.2874	0.1382	0.2332	0.095	0.0828	0.7724	0.6896	0.1432	0.9686	0.8254	0.0929	1.1612	1.0683	0.1369	0.5971	0.4602	0.0765	0.2243	0.1478	0.1757	0.3807	0.205	0.067	0.515	0.448	0.0749	1.2841	1.2092	0.0834
0.0762	0.4026	0.3264	0.1169	0.1771	0.0602	0.0797	0.2902	0.2105	0.1358	1.3923	1.2565	0.1126	1.5958	1.4832	0.0836	1.0267	0.9431	0.0855	0.1913	0.1058	0.1688	0.2332	0.0644	0.0689	0.5219	0.453	0.0836	1.1035	1.0199	0.0736
0.0981	0.5595	0.4614	0.1137	0.234	0.1203	0.0826	0.397	0.3144	0.1366	0.6767	0.5401	0.0797	1.2873	1.2076	0.0715	1.0673	0.9958	0.0881	0.1597	0.0716	0.1535	0.1942	0.0407	0.0689	0.3859	0.317	0.0728	0.7032	0.6304	0.0926
0.0863	0.4388	0.3525	0.1269	0.2327	0.1058	0.0897	0.7094	0.6197	0.1443	1.4022	1.2579	0.0823	1.4004	1.3181	0.071	1.0145	0.9435	0.0644	0.2103	0.1459	0.1712	0.2388	0.0676	0.0697	0.5961	0.5264	0.0876	1.4166	1.329	0.0849
0.0831	0.4435	0.3604	0.1221	0.2743	0.1522	0.0786	0.5752	0.4966	0.1374	1.2122	1.0748	0.0818	2.7386	2.6568	0.0736	1.1145	1.0409	0.082	0.1736	0.0916	0.1651	0.2132	0.0481	0.071	0.5259	0.4549	0.0818	1.3396	1.2578	0.0907
0.0784	0.5461	0.4677	0.1256	0.2195	0.0939	0.0805	0.2981	0.2176	0.1416	2.098	1.9564	0.0997	1.6999	1.6002	0.1311	0.8595	0.7284	0.09	0.18	0.09	0.1575	0.2116	0.0541	0.0847	0.4573	0.3726	0.0741	0.6969	0.6228	0.0921
0.1132	0.7922	0.679	0.1366	0.2321	0.0955	0.1074	0.2823	0.1749	0.1509	0.9992	0.8483	0.0781	3.8486	3.7705	0.1332	1.0963	0.9631	0.0894	0.1628	0.0734	0.1648	0.2007	0.0359	0.0723	0.446	0.3737	0.081	0.9936	0.9126	0.0604
0.0765	0.5197	0.4432	0.1311	0.1997	0.0686	0.0776	0.3287	0.2511	0.143	1.1757	1.0327	0.0797	1.3957	1.316	0.1532	1.1745	1.0213	0.1005	1.1839	1.0834	0.153	0.2359	0.0829	0.0966	0.8806	0.784	0.0744	0.7734	0.699	0.0794
0.0723	1.2995	1.2272	0.1113	0.1891	0.0778	0.0594	0.3648	0.3054	0.1345	1.154	1.0195	0.0789	3.7582	3.6793	0.1031	1.1653	1.0622	0.0828	0.2018	0.119	0.1577	0.2174	0.0597	0.0752	0.4344	0.3592	0.0976	1.1871	1.0895	0.0907
0.0807	1.3301	1.2494	0.1211	0.1736	0.0525	0.0921	0.2282	0.1361	0.1256	1.5477	1.4221	0.0689	1.8638	1.7949	0.0878	1.5583	1.4705	0.0923	0.2016	0.1093	0.1572	2.6814	2.5242	0.0694	0.7811	0.7117	0.0781	1.18	1.1019	0.0844
0.0939	0.4018	0.3079	0.1424	0.3083	0.1659	0.1345	0.6422	0.5077	0.1366	1.2581	1.1215	0.0844	1.331	1.2466	0.1221	1.447	1.3249	0.1585	0.4735	0.315	0.168	0.2778	0.1098	0.0736	0.6079	0.5343	0.0876	1.786	1.6984	0.0818
0.081	0.7143	0.6333	0.1503	0.2479	0.0976	0.0794	0.3249	0.2455	0.13	1.703	1.573	0.0694	7.2269	7.1575	0.1221	1.5517	1.4296	0.0878	0.1741	0.0863	0.1456	0.1963	0.0507	0.0818	0.3964	0.3146	0.0913	0.9786	0.8873	0.076
0.0873	0.3908	0.3035	0.1469	0.2674	0.1205	0.183	0.3951	0.2121	0.153	1.1042	0.9512	0.1369	1.4484	1.3115	0.1345	1.2695	1.135	0.0963	0.2261	0.1298	0.1664	0.3089	0.1425	0.0786	0.4963	0.4177	0.0752	1.1444	1.0692	0.0715
0.0726	0.851	0.7784	0.1485	0.8023	0.6538	0.0847	0.2026	0.1179	0.1292	0.934	0.8048	0.0828	1.4405	1.3577	0.1129	1.1398	1.0269	0.0889	0.166	0.0771	0.1612	0.2272	0.066	0.0699	0.4069	0.337	0.072	1.1889	1.1169	0.0686
0.0681	1.337	1.2689	0.1364	0.1842	0.0478	0.0826	0.2601	0.1775	0.1282	1.4752	1.347	0.0715	4.1898	4.1183	0.1841	1.652	1.4679	0.0881	0.2298	0.1417	0.1596	0.2591	0.0995	0.0691	0.4022	0.3331	0.0712	1.0165	0.9453	0.1058
0.0886	0.3565	0.2679	0.1411	0.24	0.0989	0.0958	0.33	0.2342	0.1503	1.02	0.8697	0.1132	1.4142	1.301	0.1209	0.9935	0.8726	0.0778	0.1615	0.0837	0.1469	0.2068	0.0599	0.0654	0.448	0.3826	0.0702	0.9957	0.9255	0.0691
0.0739	1.7346	1.6607	0.139	0.2487	0.1097	0.0744	0.4267	0.3523	0.1335	2.9055	2.772	0.1031	3.0691	2.966	0.0907	1.3872	1.2965	0.1026	0.1992	0.0966	0.1593	0.2074	0.0481	0.0839	0.4402	0.3563	0.0715	0.9234	0.8519	0.0881
0.0739	1.765	1.6911	0.1377	0.1886	0.0509	0.0762	0.2566	0.1804	0.1184	3.4666	3.3482	0.1018	1.784	1.6822	0.0681	1.9648	1.8967	0.0815	0.1844	0.1029	0.1627	0.2097	0.047	0.0723	0.4341	0.3618	0.077	1.3899	1.3129	0.0691
0.0612	0.4343	0.3731	0.1319	0.2018	0.0699	0.0573	0.2475	0.1902	0.1132	1.9486	1.8354	0.1258	1.4088	1.283	0.1343	1.3675	1.2332	0.0947	0.7034	0.6087	0.148	0.2535	0.1055	0.071	1.1762	1.1052	0.0728	0.6623	0.5895	0.0981
0.0733	0.3965	0.3232	0.1416	0.2424	0.1008	0.0881	0.6192	0.5311	0.1306	1.2996	1.169	0.1103	1.8543	1.744	0.1348	1.537	1.4022	0.0813	0.1761	0.0948	0.1738	1.3281	1.1543	0.0955	0.8109	0.7154	0.072	0.7633	0.6913	0.0842
0.0633	0.3639	0.3006	0.1351	0.2425	0.1074	0.0747	0.3039	0.2292	0.1211	1.5042	1.3831	0.1097	1.5934	1.4837	0.1237	1.2084	1.0847	0.082	0.152	0.07	0.1561	0.206	0.0499	0.0678	0.4154	0.3476	0.0718	1.2444	1.1726	0.0915
0.072	0.406	0.334	0.144	0.2115	0.0675	0.0707	0.2355	0.1648	0.1274	2.5688	2.4414	0.11	1.7392	1.6292	0.1316	1.1008	0.9692	0.0897	0.219	0.1293	0.1783	0.3292	0.1509	0.0878	1.3354	1.2476	0.0678	2.5486	2.4808	0.0892
0.0807	0.3662	0.2855	0.1311	0.2015	0.0704	0.0752	0.2385	0.1633	0.1393	1.2012	1.0619	0.0699	2.4204	2.3505	0.1174	1.0881	0.9707	0.0715	0.1663	0.0948	0.1754	0.3123	0.1369	0.0733	0.5991	0.5258	0.0878	1.0075	0.9197	0.0689
0.0963	1.1951	1.0988	0.1604	0.2543	0.0939	0.0947	0.3719	0.2772	0.148	1.1532	1.0052	0.1282	1.1968	1.0686	0.1427	1.3735	1.2308	0.0776	0.2069	0.1293	0.1485	0.2554	0.1069	0.0501	0.6126	0.5625	0.0733	1.273	1.1997	0.0639
0.0757	0.386	0.3103	0.1356	0.22	0.0844	0.0712	0.3202	0.249	0.1271	1.4155	1.2884	0.1129	2.4072	2.2943	0.124	1.1955	1.0715	0.0654	1.3397	1.2743	0.1485	0.2546	0.1061	0.0876	1.0435	0.9559	0.0596	3.1904	3.1308	0.0857
0.091	1.0118	0.9208	0.1496	1.2556	1.106	0.0731	0.2182	0.1451	0.1409	4.7159	4.575	0.1	1.4658	1.3658	0.1198	1.1309	1.0111	0.0847	0.152	0.0673	0.1619	0.2202	0.0583	0.062	0.4641	0.4021	0.0789	1.2283	1.1494	0.0863
0.0747	0.3734	0.2987	0.1435	0.1942	0.0507	0.0649	0.278	0.2131	0.1208	1.5683	1.4475	0.0918	1.3342	1.2424	0.1233	1.5708	1.4475	0.0989	0.1757	0.0768	0.1575	0.223	0.0655	0.082	0.453	0.371	0.0781	0.8238	0.7457	0.0836
0.0807	0.4166	0.3359	0.1438	0.2092	0.0654	0.0915	0.2062	0.1147	0.1303	2.5706	2.4403	0.1031	3.471	3.3679	0.1071	1.3769	1.2698	0.0923	0.1573	0.065	0.1622	0.2166	0.0544	0.0612	0.4779	0.4167	0.0768	1.0598	0.983	0.0736
0.0733	0.4482	0.3749	0.1406	0.2187	0.0781	0.0755	0.3559	0.2804	0.1474	1.7399	1.5925	0.0784	3.9626	3.8842	0.1556	0.9597	0.8041	0.0913	0.1792	0.0879	0.1509	0.1882	0.0373	0.0797	0.3959	0.3162	0.0744	1.1012	1.0268	0.0876
0.0794	1.6758	1.5964	0.1271	0.2413	0.1142	0.0625	0.707	0.6445	0.1622	1.6416	1.4794	0.0573	5.4554	5.3981	0.1266	1.2348	1.1082	0.0871	2.0462	1.9591	0.173	0.2546	0.0816	0.0741	0.9319	0.8578	0.0718	1.3876	1.3158	0.0636
0.0623	0.3787	0.3164	0.1311	0.2118	0.0807	0.0623	0.3052	0.2429	0.1337	2.4205	2.2868	0.0752	0.7736	0.6984	0.1477	0.6915	0.5438	0.0773	0.1689	0.0916	0.1527	0.292	0.1393	0.0744	0.4729	0.3985	0.0588	2.5309	2.4721	0.0797
0.1058	0.424	0.3182	0.1116	0.5499	0.4383	0.0947	0.7703	0.6756	0.1192	1.9132	1.794	0.0604	1.0607	1.0003	0.0836	1.0702	0.9866	0.0981	0.2715	0.1734	0.1427	0.6573	0.5146	0.0923	0.6392	0.5469	0.0694	0.8731	0.8037	0.0847
0.0784	0.9578	0.8794	0.1356	0.6003	0.4647	0.0918	0.5335	0.4417	0.1337	1.2228	1.0891	0.0715	1.5009	1.4294	0.1498	1.0483	0.8985	0.1198	0.3108	0.191	0.1548	0.2778	0.123	0.0762	0.4575	0.3813	0.0704	0.8279	0.7575	0.091
0.077	0.4688	0.3918	0.1245	0.3355	0.211	0.0741	0.3674	0.2933	0.1374	1.2919	1.1545	0.0736	1.6504	1.5768	0.0673	1.3576	1.2903	0.0749	0.2274	0.1525	0.1535	0.3318	0.1783	0.0765	0.4127	0.3362	0.0805	1.2512	1.1707	0.0715
0.0784	0.4517	0.3733	0.1171	0.2477	0.1306	0.0749	0.4478	0.3729	0.1174	2.9907	2.8733	0.1076	1.4222	1.3146	0.1445	1.0899	0.9454	0.1002	0.1915	0.0913	0.144	0.2163	0.0723	0.0733	0.4541	0.3808	0.066	0.7486	0.6826	0.0704
0.0657	1.5076	1.4419	0.1211	0.2266	0.1055	0.0649	0.3737	0.3088	0.1084	1.6002	1.4918	0.0805	1.3266	1.2461	0.1398	2.3009	2.1611	0.0963	0.2894	0.1931	0.1372	0.1903	0.0531	0.0749	0.3977	0.3228	0.0662	0.7443	0.6781	0.0786
0.0778	0.4198	0.342	0.129	0.2524	0.1234	0.0839	0.5407	0.4568	0.1256	0.7068	0.5812	0.082	2.1761	2.0941	0.1195	1.166	1.0465	0.1068	0.1886	0.0818	0.1369	0.2485	0.1116	0.0805	0.417	0.3365	0.0673	0.7768	0.7095	0.0813
0.0871	0.3861	0.299	0.1269	0.225	0.0981	0.0923	0.5027	0.4104	0.1828	1.2094	1.0266	0.1279	1.4286	1.3007	0.0718	1.2614	1.1896	0.0731	0.1908	0.1177	0.129	0.2206	0.0916	0.0844	0.4633	0.3789	0.0733	2.09	2.0167	0.0723
0.0549	1.6051	1.5502	0.1203	0.1942	0.0739	0.0871	0.3084	0.2213	0.1422	0.8592	0.717	0.0834	1.0694	0.986	0.1248	0.9265	0.8017	0.0813	0.1684	0.0871	0.1292	0.2369	0.1077	0.072	0.3716	0.2996	0.0799	1.2688	1.1889	0.0723
0.0849	0.512	0.4271	0.1271	0.2023	0.0752	0.0731	0.3693	0.2962	0.1147	1.6779	1.5632	0.1031	1.1786	1.0755	0.1195	0.9133	0.7938	0.0726	0.1882	0.1156	0.1343	0.2768	0.1425	0.0762	0.4288	0.3526	0.0823	1.0141	0.9318	0.0646
0.091	0.5999	0.5089	0.1248	0.2026	0.0778	0.0842	0.3137	0.2295	0.1219	2.5978	2.4759	0.1018	1.2147	1.1129	0.1159	0.9759	0.86	0.0781	0.2288	0.1507	0.1221	0.1899	0.0678	0.0755	0.4478	0.3723	0.0831	1.0402	0.9571	0.0884
0.0889	0.4034	0.3145	0.1237	0.2297	0.106	0.0886	0.3893	0.3007	0.1445	0.9554	0.8109	0.0884	0.7577	0.6693	0.1327	0.6686	0.5359	0.1113	0.2266	0.1153	0.1364	0.2185	0.0821	0.0694	0.3676	0.2982	0.0865	0.6072	0.5207	0.0781
0.0918	0.4182	0.3264	0.1385	0.2852	0.1467	0.086	0.532	0.446	0.1182	0.5971	0.4789	0.0815	1.0302	0.9487	0.1359	0.7757	0.6398	0.0797	0.3134	0.2337	0.1443	0.2517	0.1074	0.0707	0.3932	0.3225	0.0918	0.7378	0.646	0.1089
0.101	0.4205	0.3195	0.1353	0.2268	0.0915	0.1005	0.7102	0.6097	0.1456	0.576	0.4304	0.0926	0.7614	0.6688	0.1436	0.4134	0.2698	0.1111	0.2481	0.137	0.139	0.2422	0.1032	0.0726	0.3585	0.2859	0.0868	0.8327	0.7459	0.1016
0.0807	0.2869	0.2062	0.1332	0.2643	0.1311	0.072	0.3331	0.2611	0.1274	1.6603	1.5329	0.0931	1.3463	1.2532	0.1488	0.4513	0.3025	0.0704	0.2448	0.1744	0.1308	0.1936	0.0628	0.0699	0.3447	0.2748	0.0633	0.5065	0.4432	0.0715
0.0778	0.4432	0.3654	0.1353	0.3315	0.1962	0.0913	0.3988	0.3075	0.1348	0.976	0.8412	0.0871	0.6215	0.5344	0.1348	0.2923	0.1575	0.0976	0.6997	0.6021	0.1271	0.2424	0.1153	0.0805	0.4246	0.3441	0.0689	0.7288	0.6599	0.1068
0.0923	0.358	0.2657	0.124	0.2192	0.0952	0.0892	0.6636	0.5744	0.1432	1.0037	0.8605	0.101	0.7232	0.6222	0.1261	0.3542	0.2281	0.0992	0.2019	0.1027	0.1445	0.2274	0.0829	0.0731	0.3537	0.2806	0.0641	0.564	0.4999	0.0797
0.0987	0.6181	0.5194	0.1198	4.9197	4.7999	0.0987	1.0934	0.9947	0.1274	0.6975	0.5701	0.0923	0.6707	0.5784	0.1311	0.3376	0.2065	0.1021	0.2359	0.1338	0.1385	0.2673	0.1288	0.0752	0.3595	0.2843	0.0678	0.8171	0.7493	0.081
0.0815	0.506	0.4245	0.1221	0.216	0.0939	0.0739	0.3793	0.3054	0.1198	1.2258	1.106	0.0855	0.6507	0.5652	0.1243	0.44	0.3157	0.101	0.4974	0.3964	0.1377	0.2628	0.1251	0.0747	0.4331	0.3584	0.0871	0.6495	0.5624	0.1066
0.096	0.3823	0.2863	0.1467	0.2791	0.1324	0.0849	0.4159	0.331	0.1461	0.8375	0.6914	0.1409	1.1254	0.9845	0.1002	0.3176	0.2174	0.0971	0.242	0.1449	0.134	0.2393	0.1053	0.0665	0.4001	0.3336	0.072	0.9063	0.8343	0.0839
0.0847	0.3689	0.2842	0.1292	0.2163	0.0871	0.0747	0.5357	0.461	0.1393	1.5889	1.4496	0.0797	0.6007	0.521	0.1235	0.4223	0.2988	0.1176	0.2092	0.0916	0.1316	0.205	0.0734	0.0726	0.3352	0.2626	0.0876	0.809	0.7214	0.0995
0.1042	0.3942	0.29	0.1406	0.2266	0.086	0.0834	0.2749	0.1915	0.1256	0.5354	0.4098	0.0873	0.641	0.5537	0.1175	0.3533	0.2358	0.1055	0.18	0.0745	0.1269	0.2261	0.0992	0.077	0.3346	0.2576	0.0976	0.8448	0.7472	0.0981
0.076	0.424	0.348	0.1451	0.2142	0.0691	0.071	0.2485	0.1775	0.1345	0.4628	0.3283	0.0971	0.7491	0.652	0.1171	0.2986	0.1815	0.0942	0.171	0.0768	0.1332	0.2343	0.1011	0.0784	0.3548	0.2764	0.053	0.676	0.623	0.0876
0.0926	0.7987	0.7061	0.1343	0.2013	0.067	0.0741	0.2094	0.1353	0.1298	0.8985	0.7687	0.1111	0.7027	0.5916	0.1197	0.2998	0.1801	0.0852	0.1699	0.0847	0.1401	0.233	0.0929	0.072	0.3505	0.2785	0.0675	0.4595	0.392	0.0773
0.0902	0.5777	0.4875	0.1332	0.1736	0.0404	0.0813	0.2472	0.1659	0.1287	0.8033	0.6746	0.0989	0.546	0.4471	0.1253	0.2973	0.172	0.0979	0.1616	0.0637	0.1266	0.2285	0.1019	0.0749	0.539	0.4641	0.0802	0.5313	0.4511	0.0628
0.0794	0.7731	0.6937	0.1203	0.1797	0.0594	0.0884	0.3157	0.2273	0.1021	0.5388	0.4367	0.0942	0.7204	0.6262	0.159	0.5549	0.3959	0.0828	0.5763	0.4935	0.1329	0.2511	0.1182	0.0704	0.4251	0.3547	0.09	0.8797	0.7897	0.1158
0.0852	1.3201	1.2349	0.1253	0.2369	0.1116	0.0987	0.369	0.2703	0.1453	0.6748	0.5295	0.0865	0.6394	0.5529	0.1314	0.3909	0.2595	0.081	0.2206	0.1396	0.1461	0.2664	0.1203	0.086	0.4478	0.3618	0.0836	1.0748	0.9912	0.0813
0.0668	0.3046	0.2378	0.1374	1.328	1.1906	0.0936	0.3927	0.2991	0.1366	1.1315	0.9949	0.0868	2.494	2.4072	0.1279	2.1161	1.9882	0.1147	0.1892	0.0745	0.139	0.22	0.081	0.0702	0.4151	0.3449	0.0718	1.1273	1.0555	0.0736
0.0747	0.395	0.3203	0.105	0.2506	0.1456	0.0799	0.3041	0.2242	0.1372	0.667	0.5298	0.1071	0.5835	0.4764	0.1246	0.2781	0.1535	0.101	0.1974	0.0964	0.1393	0.2414	0.1021	0.0852	0.4834	0.3982	0.0936	0.7021	0.6085	0.1034
0.0876	0.4003	0.3127	0.1216	0.2469	0.1253	0.0844	0.2775	0.1931	0.1351	0.3537	0.2186	0.0934	0.6122	0.5188	0.1295	0.2762	0.1467	0.0979	0.2372	0.1393	0.1419	0.2535	0.1116	0.0694	0.3872	0.3178	0.0707	0.7164	0.6457	0.0936
0.0894	0.4986	0.4092	0.0472	0.1635	0.1163	0.0718	0.3224	0.2506	0.1179	0.4618	0.3439	0.0794	0.6533	0.5739	0.0712	0.2295	0.1583	0.091	0.1763	0.0853	0.1308	0.2416	0.1108	0.0617	0.6603	0.5986	0.0762	0.4614	0.3852	0.081
0.0876	0.3394	0.2518	0.1298	0.1984	0.0686	0.0699	0.239	0.1691	0.0973	0.3647	0.2674	0.0892	0.5415	0.4523	0.1198	0.224	0.1042	0.0876	0.1726	0.085	0.1319	0.2535	0.1216	0.0617	0.9905	0.9288	0.0718	0.5329	0.4611	0.0836
0.0849	0.4026	0.3177	0.1451	0.4545	0.3094	0.0889	0.302	0.2131	0.1245	0.5351	0.4106	0.106	0.5918	0.4858	0.1227	0.3231	0.2004	0.1034	0.1718	0.0684	0.1422	0.2496	0.1074	0.0689	1.1348	1.0659	0.0704	1.1826	1.1122	0.0757
0.0694	0.4269	0.3575	0.1213	0.2026	0.0813	0.086	0.2313	0.1453	0.1079	0.3777	0.2698	0.1163	0.6161	0.4998	0.1134	0.3378	0.2244	0.1021	0.1826	0.0805	0.1324	0.2105	0.0781	0.067	0.3621	0.2951	0.077	0.7306	0.6536	0.0823
0.0794	0.4129	0.3335	0.1176	0.1946	0.077	0.0989	0.2917	0.1928	0.1211	0.9818	0.8607	0.1008	1.5009	1.4001	0.0953	1.1027	1.0074	0.1042	0.388	0.2838	0.1277	0.2451	0.1174	0.0813	0.4726	0.3913	0.1092	0.6887	0.5795	0.0905
0.1026	0.7375	0.6349	0.1261	0.3049	0.1788	0.0794	0.3257	0.2463	0.1213	0.3534	0.2321	0.0715	0.5787	0.5072	0.1103	0.2504	0.1401	0.1274	0.2005	0.0731	0.1403	0.2482	0.1079	0.0768	0.5939	0.5171	0.0995	1.135	1.0355	0.0625
0.0744	0.9013	0.8269	0.1443	0.2427	0.0984	0.0617	0.3009	0.2392	0.1263	1.2383	1.112	0.1092	1.2356	1.1264	0.1108	0.4595	0.3487	0.0968	2.1082	2.0114	0.1303	0.8743	0.744	0.0641	0.4591	0.395	0.0726	0.9272	0.8546	0.081
0.0834	0.9259	0.8425	0.1366	0.2113	0.0747	0.0538	0.2885	0.2347	0.1227	0.7856	0.6629	0.1042	0.646	0.5418	0.1314	0.3224	0.191	0.0907	0.171	0.0803	0.1419	0.2477	0.1058	0.0644	0.7585	0.6941	0.0683	1.0948	1.0265	0.0905
0.0805	0.3613	0.2808	0.1213	0.1991	0.0778	0.0578	0.2414	0.1836	0.11	0.731	0.621	0.0915	0.6404	0.5489	0.1058	0.2891	0.1833	0.0918	0.1678	0.076	0.153	0.2994	0.1464	0.0784	0.7369	0.6585	0.0884	1.459	1.3706	0.0992
0.0889	0.3336	0.2447	0.143	0.2108	0.0678	0.0733	0.3415	0.2682	0.1261	0.4062	0.2801	0.0976	0.5768	0.4792	0.1124	0.2691	0.1567	0.0979	0.1705	0.0726	0.1472	0.2401	0.0929	0.082	0.419	0.337	0.077	0.6183	0.5413	0.0715
0.072	0.4941	0.4221	0.1205	0.1743	0.0538	0.0654	0.4618	0.3964	0.1261	0.4478	0.3217	0.0923	1.3414	1.2491	0.1404	0.493	0.3526	0.1037	0.1819	0.0782	0.1414	0.2385	0.0971	0.0741	0.7531	0.679	0.0886	0.603	0.5144	0.0873
0.0905	0.5058	0.4153	0.129	0.1868	0.0578	0.0839	0.2954	0.2115	0.1213	0.9617	0.8404	0.0997	0.5901	0.4904	0.1303	0.2327	0.1024	0.0971	0.1689	0.0718	0.1377	0.2509	0.1132	0.0715	0.4736	0.4021	0.0736	0.5094	0.4358	0.0704
0.0831	0.3889	0.3058	0.1118	0.1854	0.0736	0.0842	0.2701	0.1859	0.1129	0.5939	0.481	0.1055	0.5948	0.4893	0.1227	0.3556	0.2329	0.0992	0.2056	0.1064	0.1567	0.5085	0.3518	0.0984	1.6134	1.515	0.0913	0.8565	0.7652	0.0813
0.0704	2.4252	2.3548	0.1659	0.2414	0.0755	0.0923	0.7911	0.6988	0.1184	0.6255	0.5071	0.0942	0.5761	0.4819	0.1167	0.2818	0.1651	0.0836	0.1855	0.1019	0.1438	0.2515	0.1077	0.0733	0.4106	0.3373	0.0702	0.5139	0.4437	0.0623
0.0752	0.3961	0.3209	0.1203	0.1675	0.0472	0.0765	0.2134	0.1369	0.1292	0.3301	0.2009	0.0881	0.5512	0.4631	0.1008	0.2453	0.1445	0.0873	0.162	0.0747	0.1538	0.2607	0.1069	0.0607	0.5794	0.5187	0.0926	0.4862	0.3936	0.0831
0.0907	0.3245	0.2338	0.1277	0.1992	0.0715	0.086	0.24	0.154	0.1163	0.3637	0.2474	0.0799	0.5154	0.4355	0.1229	0.2936	0.1707	0.0944	0.4906	0.3962	0.1751	0.2814	0.1063	0.0918	1.1572	1.0654	0.0868	0.9118	0.825	0.0623
0.0718	1.0667	0.9949	0.1232	0.1915	0.0683	0.0757	0.2759	0.2002	0.1161	0.537	0.4209	0.1118	0.9959	0.8841	0.1139	0.2479	0.134	0.0971	0.1689	0.0718	0.1443	0.2266	0.0823	0.0733	0.3518	0.2785	0.0623	0.4986	0.4363	0.0784
0.0691	0.4788	0.4097	0.1337	0.3191	0.1854	0.071	0.782	0.711	0.1129	0.5654	0.4525	0.0944	1.1675	1.0731	0.13	0.8112	0.6812	0.1026	0.4692	0.3666	0.1469	0.2683	0.1214	0.0802	0.3758	0.2956	0.0594	0.5519	0.4925	0.0728
0.0675	0.3538	0.2863	0.1263	0.206	0.0797	0.0633	0.2891	0.2258	0.1134	0.6205	0.5071	0.096	0.614	0.518	0.115	0.2532	0.1382	0.096	0.1602	0.0642	0.1453	0.2596	0.1143	0.0749	0.4006	0.3257	0.0704	0.5273	0.4569	0.0813
0.0929	0.4288	0.3359	0.1327	0.2511	0.1184	0.0644	0.2651	0.2007	0.1147	0.5377	0.423	0.096	0.5288	0.4328	0.1235	0.3187	0.1952	0.1058	0.2438	0.138	0.154	0.3524	0.1984	0.0784	0.7363	0.6579	0.0765	0.9622	0.8857	0.0755
0.077	0.31	0.233	0.1548	0.2564	0.1016	0.0641	0.2524	0.1883	0.1292	0.5801	0.4509	0.0934	0.5595	0.4661	0.1235	0.3313	0.2078	0.0842	0.2299	0.1457	0.163	0.3115	0.1485	0.0704	0.4878	0.4174	0.0623	0.7154	0.6531	0.0781
0.1105	0.5442	0.4337	0.1403	0.3608	0.2205	0.1045	0.3696	0.2651	0.1361	0.8544	0.7183	0.0918	0.7485	0.6567	0.1399	1.3519	1.212	0.0942	0.2277	0.1335	0.1783	0.4286	0.2503	0.077	0.6102	0.5332	0.0773	0.7757	0.6984	0.0744
0.0813	0.8083	0.727	0.1382	0.4407	0.3025	0.0873	0.5609	0.4736	0.1601	0.6635	0.5034	0.1208	0.829	0.7082	0.148	1.2851	1.1371	0.1385	0.2604	0.1219	0.1677	0.4573	0.2896	0.081	0.6356	0.5546	0.0786	0.8889	0.8103	0.0594
0.0828	0.6128	0.53	0.1374	0.4096	0.2722	0.0902	0.6158	0.5256	0.1256	0.9093	0.7837	0.1031	0.9362	0.8331	0.1604	1.0831	0.9227	0.0971	0.2504	0.1533	0.1472	0.2802	0.133	0.0493	0.4032	0.3539	0.0673	0.9374	0.8701	0.0641
0.0834	0.437	0.3536	0.1298	0.3181	0.1883	0.0791	0.4789	0.3998	0.1453	0.8802	0.7349	0.0923	0.7733	0.681	0.1343	0.4178	0.2835	0.0897	0.2164	0.1267	0.1601	0.3123	0.1522	0.072	0.3808	0.3088	0.0623	0.6666	0.6043	0.071
0.0715	0.7257	0.6542	0.1147	0.3326	0.2179	0.0815	0.6625	0.581	0.1361	0.735	0.5989	0.1129	0.7783	0.6654	0.1535	0.4188	0.2653	0.0657	0.2177	0.152	0.1717	0.3986	0.2269	0.0712	0.4488	0.3776	0.0726	0.7705	0.6979	0.0694
0.0699	0.4767	0.4068	0.1071	0.2749	0.1678	0.0902	0.4043	0.3141	0.1279	0.5794	0.4515	0.0876	0.6478	0.5602	0.1251	0.3406	0.2155	0.0691	0.1947	0.1256	0.1596	0.4128	0.2532	0.0704	0.4536	0.3832	0.0726	0.7948	0.7222	0.0678
0.0749	0.5023	0.4274	0.1129	0.3484	0.2355	0.0826	0.3985	0.3159	0.115	0.5214	0.4064	0.1016	0.7402	0.6386	0.1229	0.3769	0.254	0.0831	0.2583	0.1752	0.1699	0.3664	0.1965	0.071	0.4096	0.3386	0.0594	0.6373	0.5779	0.0631
0.0723	0.4042	0.3319	0.1229	0.2622	0.1393	0.0623	0.4342	0.3719	0.1092	0.514	0.4048	0.0955	1.1027	1.0072	0.1285	0.3661	0.2376	0.0889	0.2245	0.1356	0.1614	0.3403	0.1789	0.0549	0.4618	0.4069	0.0704	1.3084	1.238	0.0755
0.0784	0.3821	0.3037	0.1358	0.3932	0.2574	0.0892	0.4083	0.3191	0.1406	0.6614	0.5208	0.0944	0.6514	0.557	0.1419	0.431	0.2891	0.0926	0.218	0.1254	0.1757	0.3084	0.1327	0.0683	0.3607	0.2924	0.0744	0.8467	0.7723	0.0818
0.0789	0.4071	0.3282	0.1198	0.316	0.1962	0.0892	0.3297	0.2405	0.124	0.5209	0.3969	0.1082	0.9403	0.8321	0.1364	0.6286	0.4922	0.1071	0.2847	0.1776	0.1699	0.3677	0.1978	0.0762	0.4401	0.3639	0.0715	0.6228	0.5513	0.0749
0.0765	0.5229	0.4464	0.1103	0.2522	0.1419	0.0894	0.2941	0.2047	0.1393	0.413	0.2737	0.081	0.5376	0.4566	0.1203	0.4162	0.2959	0.0984	0.2298	0.1314	0.1561	0.3094	0.1533	0.0747	0.3455	0.2708	0.0673	0.6703	0.603	0.0813
0.0844	0.4177	0.3333	0.1129	0.336	0.2231	0.09	0.3688	0.2788	0.1311	0.736	0.6049	0.0847	0.5703	0.4856	0.1163	0.317	0.2007	0.0915	0.1897	0.0982	0.1467	0.2799	0.1332	0.0776	0.4444	0.3668	0.0623	0.8768	0.8145	0.0923
0.0762	0.4316	0.3554	0.1324	0.2324	0.1	0.0963	0.3049	0.2086	0.1335	0.4441	0.3106	0.1055	0.5494	0.4439	0.114	0.282	0.168	0.0633	0.4603	0.397	0.1448	0.8801	0.7353	0.0807	0.6126	0.5319	0.0844	1.1694	1.085	0.0599
0.0765	0.5614	0.4849	0.114	0.2762	0.1622	0.0749	0.2342	0.1593	0.134	0.3189	0.1849	0.1158	0.5666	0.4508	0.1161	0.5499	0.4338	0.0971	1.1984	1.1013	0.1638	0.393	0.2292	0.071	0.5312	0.4602	0.0581	0.7328	0.6747	0.0591
0.0855	0.847	0.7615	0.1145	0.4078	0.2933	0.0942	0.4687	0.3745	0.1147	0.3979	0.2832	0.0939	0.5985	0.5046	0.1396	0.3477	0.2081	0.0836	0.1916	0.108	0.1559	0.3516	0.1957	0.0784	0.3764	0.298	0.067	0.531	0.464	0.0702
0.0657	0.424	0.3583	0.125	0.2118	0.0868	0.0586	0.191	0.1324	0.1308	0.307	0.1762	0.0944	0.5953	0.5009	0.1208	0.2466	0.1258	0.0878	0.2113	0.1235	0.1488	0.4044	0.2556	0.0826	0.3735	0.2909	0.0752	0.973	0.8978	0.0702
0.0802	0.4111	0.3309	0.1361	0.2622	0.1261	0.0733	0.2405	0.1672	0.1198	0.345	0.2252	0.0995	0.5421	0.4426	0.1295	0.2717	0.1422	0.0842	0.2175	0.1333	0.1519	0.9694	0.8175	0.062	0.5804	0.5184	0.0631	0.7716	0.7085	0.0715
0.0596	0.4648	0.4052	0.1282	0.293	0.1648	0.0731	0.3057	0.2326	0.1129	0.4502	0.3373	0.115	0.614	0.499	0.1433	0.3374	0.1941	0.0802	0.2248	0.1446	0.1456	0.3023	0.1567	0.0681	0.3458	0.2777	0.0697	0.6458	0.5761	0.0675
0.0749	0.5429	0.468	0.1337	0.2455	0.1118	0.0818	0.2991	0.2173	0.1403	1.42	1.2797	0.0768	0.5209	0.4441	0.1082	0.2309	0.1227	0.0807	0.1913	0.1106	0.1561	0.2653	0.1092	0.0612	0.3204	0.2592	0.0733	0.7939	0.7206	0.0744
0.0815	0.3436	0.2621	0.1166	0.1876	0.071	0.0646	0.1981	0.1335	0.1192	0.3099	0.1907	0.1137	0.5252	0.4115	0.1201	0.2314	0.1113	0.0805	0.2238	0.1433	0.1683	0.6383	0.47	0.0823	0.4607	0.3784	0.0844	0.5969	0.5125	0.0581
0.0839	0.4322	0.3483	0.1356	0.2271	0.0915	0.0718	0.2013	0.1295	0.1263	0.3185	0.1922	0.0929	0.4838	0.3909	0.1422	0.2878	0.1456	0.1089	0.4589	0.35	0.1677	0.3199	0.1522	0.0768	0.3795	0.3027	0.0844	0.7354	0.651	0.0567
0.0731	0.5118	0.4387	0.1147	0.2455	0.1308	0.0559	0.4452	0.3893	0.1242	0.8024	0.6782	0.1116	0.5478	0.4362	0.1345	0.3049	0.1704	0.0889	0.2419	0.153	0.159	0.3653	0.2063	0.072	1.043	0.971	0.0728	0.7829	0.7101	0.0733
0.0836	0.4772	0.3936	0.1316	0.293	0.1614	0.0662	0.2213	0.1551	0.124	0.3186	0.1946	0.0936	0.5043	0.4107	0.1409	0.2725	0.1316	0.0836	0.181	0.0974	0.1385	0.2665	0.128	0.0657	0.3526	0.2869	0.062	0.4725	0.4105	0.0681
0.0686	0.3605	0.2919	0.1224	0.1802	0.0578	0.0559	0.808	0.7521	0.1324	0.5643	0.4319	0.0952	0.6681	0.5729	0.1382	0.4133	0.2751	0.0857	0.1863	0.1006	0.1691	0.2733	0.1042	0.0697	0.4059	0.3362	0.0652	1.5023	1.4371	0.0652
0.0776	0.9151	0.8375	0.1311	0.3534	0.2223	0.0913	0.2588	0.1675	0.1232	0.5399	0.4167	0.105	0.7511	0.6461	0.142	0.4321	0.2901	0.1074	1.5275	1.4201	0.1685	0.7619	0.5934	0.0662	0.6614	0.5952	0.067	0.6215	0.5545	0.0699
0.0731	1.4037	1.3306	0.1203	0.2271	0.1068	0.071	0.3002	0.2292	0.125	0.4288	0.3038	0.0992	0.5663	0.4671	0.1245	0.2777	0.1532	0.0762	0.2451	0.1689	0.1409	0.2997	0.1588	0.0528	0.2967	0.2439	0.0654	0.7868	0.7214	0.0773
0.0739	0.4675	0.3936	0.129	0.2205	0.0915	0.0704	0.1973	0.1269	0.1263	1.2444	1.1181	0.0992	0.7456	0.6464	0.1673	0.517	0.3497	0.0886	0.1844	0.0958	0.1585	0.2757	0.1172	0.0718	0.3774	0.3056	0.0689	0.808	0.7391	0.0707
0.0673	0.4056	0.3383	0.1416	0.2229	0.0813	0.0699	0.2284	0.1585	0.1121	0.4346	0.3225	0.1142	0.6773	0.5631	0.1462	0.3348	0.1886	0.081	0.1597	0.0787	0.1538	0.2609	0.1071	0.0678	0.3513	0.2835	0.0625	0.7372	0.6747	0.0715
0.0649	0.4781	0.4132	0.1424	0.1978	0.0554	0.0873	1.1825	1.0952	0.1298	0.6005	0.4707	0.1084	0.6665	0.5581	0.142	0.3417	0.1997	0.0863	0.1987	0.1124	0.1561	0.2783	0.1222	0.0694	0.4127	0.3433	0.0704	0.6399	0.5695	0.0828
0.0791	0.5155	0.4364	0.1432	0.2297	0.0865	0.0768	0.2124	0.1356	0.1266	0.4061	0.2795	0.0918	0.5175	0.4257	0.1541	0.2981	0.144	0.0892	0.2776	0.1884	0.1656	0.321	0.1554	0.067	0.3014	0.2344	0.0739	0.5358	0.4619	0.0762
0.0726	0.7347	0.6621	0.1511	0.3183	0.1672	0.0778	0.3429	0.2651	0.1308	0.336	0.2052	0.115	1.4249	1.3099	0.1401	1.2912	1.1511	0.0995	0.2549	0.1554	0.1991	0.2978	0.0987	0.0815	1.4232	1.3417	0.0699	0.8997	0.8298	0.0905
0.0718	0.5374	0.4656	0.1398	0.3323	0.1925	0.0715	0.1807	0.1092	0.1406	0.3814	0.2408	0.125	1.5296	1.4046	0.2319	0.7601	0.5282	0.1018	0.4468	0.345	0.1791	0.3516	0.1725	0.0747	0.4529	0.3782	0.072	1.0645	0.9925	0.0657
0.0755	1.1772	1.1017	0.143	0.3846	0.2416	0.1021	0.3577	0.2556	0.1583	0.7213	0.563	0.1253	0.7979	0.6726	0.1778	0.3833	0.2055	0.106	0.302	0.196	0.1852	0.3862	0.201	0.0834	0.4573	0.3739	0.0755	1.3127	1.2372	0.0641
0.0694	0.4119	0.3425	0.1416	0.2004	0.0588	0.0778	0.1889	0.1111	0.11	0.5027	0.3927	0.119	0.6434	0.5244	0.1796	0.3194	0.1398	0.0902	0.1929	0.1027	0.1762	0.2707	0.0945	0.0728	0.3175	0.2447	0.0755	0.8676	0.7921	0.0784
0.0768	0.4815	0.4047	0.1569	0.4346	0.2777	0.0934	0.4088	0.3154	0.1358	0.4285	0.2927	0.119	0.71	0.591	0.1638	0.4118	0.248	0.0839	1.3142	1.2303	0.1904	0.8415	0.6511	0.0718	0.7458	0.674	0.0781	0.7673	0.6892	0.0704
0.0789	0.7025	0.6236	0.1329	0.4694	0.3365	0.1074	1.0544	0.947	0.115	0.629	0.514	0.1105	1.1342	1.0237	0.1546	0.6232	0.4686	0.1224	0.5057	0.3833	0.1775	0.3527	0.1752	0.076	0.4238	0.3478	0.0699	1.0732	1.0033	0.095
0.1163	0.5387	0.4224	0.1622	0.407	0.2448	0.1445	0.428	0.2835	0.1596	0.5164	0.3568	0.1142	1.0523	0.9381	0.1628	0.4471	0.2843	0.1213	0.331	0.2097	2.0353	3.3278	1.2925	0.0876	0.8502	0.7626	0.0747	1.2003	1.1256	0.0878
0.0894	0.5223	0.4329	0.1092	0.3714	0.2622	0.1108	0.3972	0.2864	0.114	0.4122	0.2982	0.1076	1.1024	0.9948	0.1498	1.1659	1.0161	0.0997	0.8983	0.7986	0.2463	1.22	0.9737	0.0794	0.7582	0.6788	0.0733	2.5686	2.4953	0.0789
0.0615	0.4327	0.3712	0.1322	0.2527	0.1205	0.0594	0.2256	0.1662	0.1213	0.437	0.3157	0.0963	2.1461	2.0498	0.1491	0.8469	0.6978	0.0836	0.8679	0.7843	0.0886	2.0037	1.9151	0.0673	0.5715	0.5042	0.0707	0.6307	0.56	0.0704
0.0697	0.4238	0.3541	0.1287	0.2139	0.0852	0.0702	0.5069	0.4367	0.1527	0.8955	0.7428	0.0966	1.4115	1.3149	0.1438	0.8624	0.7186	0.0902	0.6066	0.5164	0.2086	0.5328	0.3242	0.0871	0.6815	0.5944	0.0768	0.9714	0.8946	0.0628
0.0649	0.4116	0.3467	0.1382	0.2224	0.0842	0.0583	0.1844	0.1261	0.1195	0.3331	0.2136	0.0934	0.8393	0.7459	0.133	0.344	0.211	0.0849	0.1765	0.0916	0.1572	0.2986	0.1414	0.0752	0.345	0.2698	0.0744	1.6067	1.5323	0.042
0.0815	0.4688	0.3873	0.1366	0.2005	0.0639	0.0567	0.2244	0.1677	0.0995	0.374	0.2745	0.0984	1.0218	0.9234	0.1427	0.4064	0.2637	0.0907	0.7295	0.6388	0.1121	0.2944	0.1823	0.061	0.528	0.467	0.0533	0.6916	0.6383	0.0699
0.0755	0.8069	0.7314	0.1409	0.2011	0.0602	0.0641	0.197	0.1329	0.1335	0.4708	0.3373	0.09	1.5977	1.5077	0.1356	0.8136	0.678	0.0857	0.445	0.3593	0.2002	0.5834	0.3832	0.081	0.5398	0.4588	0.0715	1.5067	1.4352	0.0728
0.0673	0.4306	0.3633	0.1469	0.2638	0.1169	0.0733	0.7062	0.6329	0.1356	1.9095	1.7739	0.1345	1.9731	1.8386	0.1348	0.3187	0.1839	0.1113	0.3197	0.2084	0.4657	1.2579	0.7922	0.1074	1.0886	0.9812	0.076	1.5619	1.4859	0.1161
0.0923	1.0569	0.9646	0.1176	0.2782	0.1606	0.0741	0.3824	0.3083	0.1111	0.4299	0.3188	0.0892	0.8216	0.7324	0.1427	0.3358	0.1931	0.0892	0.608	0.5188	0.1124	0.3076	0.1952	0.0789	0.6092	0.5303	0.0678	0.6268	0.559	0.0757
0.0807	1.5278	1.4471	0.13	0.2107	0.0807	0.0649	0.2079	0.143	0.1445	0.6302	0.4857	0.0878	1.019	0.9312	0.1279	0.3916	0.2637	0.0921	0.4949	0.4028	0.1314	0.3648	0.2334	0.0712	0.8673	0.7961	0.0628	1.3245	1.2617	0.0636
0.0654	0.5152	0.4498	0.1271	0.2722	0.1451	0.0625	0.2542	0.1917	0.1145	0.383	0.2685	0.0973	1.0362	0.9389	0.1224	0.3239	0.2015	0.09	0.7312	0.6412	0.1227	0.3042	0.1815	0.0736	0.664	0.5904	0.0728	0.7362	0.6634	0.0762
0.077	0.4693	0.3923	0.1248	0.2119	0.0871	0.0665	0.2488	0.1823	0.1232	0.35	0.2268	0.0929	0.7167	0.6238	0.128	0.3324	0.2044	0.0968	0.3806	0.2838	0.1161	0.2298	0.1137	0.0662	0.437	0.3708	0.0617	0.5582	0.4965	0.0747
0.0712	0.3878	0.3166	0.1285	0.2024	0.0739	0.0741	0.2295	0.1554	0.1208	0.361	0.2402	0.0839	0.6984	0.6145	0.1657	0.4687	0.303	0.0881	0.2332	0.1451	0.1728	0.2596	0.0868	0.0707	0.3363	0.2656	0.0628	0.7088	0.646	0.0723
0.0914	0.7522	0.6608	0.153	0.2567	0.1037	0.0668	0.2079	0.1411	0.1279	0.9551	0.8272	0.1155	0.6999	0.5844	0.1301	0.2559	0.1258	0.0823	0.5979	0.5156	0.1111	0.2749	0.1638	0.0733	0.5118	0.4385	0.0559	0.5582	0.5023	0.0723
0.1216	0.7006	0.579	0.1498	0.98	0.8302	0.1271	0.6081	0.481	0.153	0.9193	0.7663	0.1005	1.1053	1.0048	0.1465	1.1357	0.9892	0.1132	0.4073	0.2941	0.1445	0.5	0.3555	0.1053	0.556	0.4507	0.0826	1.5487	1.4661	0.081
0.0815	0.5368	0.4553	0.1361	0.5312	0.3951	0.0971	0.5971	0.5	0.1374	0.5514	0.414	0.0918	0.9874	0.8956	0.1451	0.498	0.3529	0.1045	0.3364	0.2319	0.1601	0.4154	0.2553	0.09	0.5172	0.4272	0.0607	1.2299	1.1692	0.0728
0.0776	0.6416	0.564	0.1118	0.3468	0.235	0.0744	0.6786	0.6042	0.1493	1.4098	1.2605	0.1074	3.8578	3.7504	0.1519	1.1348	0.9829	0.1153	0.3216	0.2063	0.1203	0.3464	0.2261	0.0823	0.6854	0.6031	0.095	1.079	0.984	0.0834
0.1229	0.8011	0.6782	0.1192	0.4333	0.3141	0.1271	0.5013	0.3742	0.1485	0.5826	0.4341	0.1219	0.7926	0.6707	0.1464	0.3788	0.2324	0.1163	0.2485	0.1322	0.2039	0.359	0.1551	0.0794	0.4583	0.3789	0.0691	0.6718	0.6027	0.0794
0.1008	0.5287	0.4279	0.114	0.2612	0.1472	0.0894	0.4291	0.3397	0.1332	0.4067	0.2735	0.0749	0.6684	0.5935	0.1322	0.2997	0.1675	0.1018	0.3026	0.2008	0.1709	0.3073	0.1364	0.0668	0.4442	0.3774	0.0712	0.6307	0.5595	0.0739
0.0762	0.4179	0.3417	0.1161	0.1902	0.0741	0.0728	0.2464	0.1736	0.1021	0.3858	0.2837	0.0923	0.5966	0.5043	0.1359	0.258	0.1221	0.0966	0.3301	0.2335	0.1577	0.2817	0.124	0.0765	0.3502	0.2737	0.0784	0.636	0.5576	0.0797
0.0942	0.5791	0.4849	0.1024	0.2124	0.11	0.1118	0.2405	0.1287	0.1701	0.3724	0.2023	0.1026	0.6177	0.5151	0.1248	0.2918	0.167	0.1227	0.1787	0.056	0.1799	0.3385	0.1586	0.0839	0.3376	0.2537	0.1002	0.7657	0.6655	0.0797
0.0802	0.7275	0.6473	0.119	0.2733	0.1543	0.0768	0.4729	0.3961	0.1567	0.6477	0.491	0.1324	0.6783	0.5459	0.1482	0.3247	0.1765	0.1079	0.2008	0.0929	0.173	0.3194	0.1464	0.0665	0.4359	0.3694	0.0733	0.6304	0.5571	0.062
0.0868	0.4261	0.3393	0.1348	0.2087	0.0739	0.0847	0.2008	0.1161	0.1271	0.5182	0.3911	0.0989	0.5811	0.4822	0.1298	0.2788	0.149	0.1013	0.1584	0.0571	0.1601	0.2606	0.1005	0.0762	0.3599	0.2837	0.0662	0.8387	0.7725	0.0797
0.0765	2.3282	2.2517	0.1076	0.231	0.1234	0.0702	0.2656	0.1954	0.1097	0.3597	0.25	0.1356	0.5932	0.4576	0.1354	0.3213	0.1859	0.0934	0.4933	0.3999	0.1654	0.3472	0.1818	0.0733	0.5116	0.4383	0.0731	1.5782	1.5051	0.1221
0.0907	0.7372	0.6465	0.1113	0.384	0.2727	0.0995	0.3688	0.2693	0.1501	0.5457	0.3956	0.1095	0.573	0.4635	0.1551	0.3482	0.1931	0.0989	0.2066	0.1077	0.1891	0.3532	0.1641	0.0876	0.3851	0.2975	0.0762	0.5766	0.5004	0.061
0.1058	0.5108	0.405	0.1182	0.2227	0.1045	0.0794	0.1915	0.1121	0.1422	0.2994	0.1572	0.1042	0.5847	0.4805	0.1557	0.3047	0.149	0.106	0.1749	0.0689	0.1601	0.267	0.1069	0.0794	0.3014	0.222	0.0915	0.5663	0.4748	0.0889
0.0863	0.37	0.2837	0.1335	0.2424	0.1089	0.0689	0.2206	0.1517	0.1374	0.3813	0.2439	0.0813	0.498	0.4167	0.1266	0.2187	0.0921	0.0894	0.18	0.0906	0.1496	0.2435	0.0939	0.0794	0.3368	0.2574	0.0662	0.647	0.5808	0.0929
0.0905	0.3679	0.2774	0.1271	0.2463	0.1192	0.0781	0.1944	0.1163	0.1561	0.3549	0.1988	0.0823	1.9091	1.8268	0.1175	0.3551	0.2376	0.1087	0.2114	0.1027	0.1654	0.2541	0.0887	0.0731	0.456	0.3829	0.086	1.055	0.969	0.0881
0.0784	0.4367	0.3583	0.1163	0.196	0.0797	0.0509	0.1351	0.0842	0.1208	0.3381	0.2173	0.0839	0.7291	0.6452	0.1343	1.6817	1.5474	0.1279	0.2419	0.114	0.1583	0.3327	0.1744	0.0541	0.4328	0.3787	0.0733	0.6225	0.5492	0.0739
0.0712	0.3456	0.2744	0.1118	0.2569	0.1451	0.0612	0.2152	0.154	0.1161	0.4755	0.3594	0.1105	3.4301	3.3196	0.125	1.2369	1.1119	0.1031	0.1757	0.0726	0.1604	0.2066	0.0462	0.067	0.3157	0.2487	0.0668	0.6832	0.6164	0.0697
0.066	0.3547	0.2887	0.1279	0.1741	0.0462	0.0512	0.1702	0.119	0.1192	0.3167	0.1975	0.086	0.5621	0.4761	0.1415	0.2362	0.0947	0.0857	0.2533	0.1676	0.1648	0.249	0.0842	0.0813	0.3817	0.3004	0.0639	0.5232	0.4593	0.0731
0.0762	0.3828	0.3066	0.1335	0.1731	0.0396	0.0575	0.1881	0.1306	0.1234	0.3412	0.2178	0.0857	0.5481	0.4624	0.1345	0.2506	0.1161	0.0852	0.185	0.0998	0.1369	0.2216	0.0847	0.0662	0.3565	0.2903	0.0704	0.8609	0.7905	0.0689
0.0834	0.3486	0.2652	0.1158	0.1773	0.0615	0.0615	0.1707	0.1092	0.1319	0.3178	0.1859	0.0939	0.552	0.4581	0.1267	0.2549	0.1282	0.095	0.1507	0.0557	0.1482	0.2564	0.1082	0.077	0.4404	0.3634	0.0815	0.4503	0.3688	0.0699
0.0607	0.3381	0.2774	0.1258	0.2142	0.0884	0.0615	0.166	0.1045	0.114	0.2648	0.1508	0.095	0.5123	0.4173	0.1301	0.2288	0.0987	0.0813	0.1413	0.06	0.1548	0.2474	0.0926	0.0736	0.2985	0.2249	0.086	0.5313	0.4453	0.0979
0.0897	0.3789	0.2892	0.1118	0.2165	0.1047	0.0934	0.2042	0.1108	0.1166	0.264	0.1474	0.077	0.4576	0.3806	0.1499	0.2185	0.0686	0.0934	0.1887	0.0953	0.1651	0.3719	0.2068	0.0936	0.409	0.3154	0.0826	0.5279	0.4453	0.0834
0.1018	0.3813	0.2795	0.1208	0.264	0.1432	0.0301	0.1475	0.1174	0.143	0.2923	0.1493	0.0963	2.5228	2.4265	0.1143	0.4711	0.3568	0.1042	0.2053	0.1011	0.1593	0.2234	0.0641	0.0681	0.3534	0.2853	0.0726	0.5263	0.4537	0.0654
0.0802	0.3937	0.3135	0.1105	0.1609	0.0504	0.0441	0.1533	0.1092	0.1108	0.2566	0.1458	0.105	0.6265	0.5215	0.158	0.2466	0.0886	0.0907	0.1984	0.1077	0.1456	0.2074	0.0618	0.0657	0.3117	0.246	0.0789	0.7895	0.7106	0.0728
0.0562	0.3818	0.3256	0.1237	0.1562	0.0325	0.0551	0.1833	0.1282	0.1242	0.3027	0.1785	0.1	1.1074	1.0074	0.1132	0.2965	0.1833	0.1013	0.1845	0.0832	0.1825	0.2477	0.0652	0.0802	0.3726	0.2924	0.0749	0.4659	0.391	0.067
0.0836	0.4024	0.3188	0.1219	0.1694	0.0475	0.0551	0.1535	0.0984	0.1274	0.293	0.1656	0.0871	0.5888	0.5017	0.1451	0.2757	0.1306	0.0736	0.166	0.0924	0.1517	0.228	0.0763	0.0718	0.3083	0.2365	0.0776	0.6418	0.5642	0.0697
0.0731	0.309	0.2359	0.1319	0.1968	0.0649	0.061	0.1657	0.1047	0.1358	0.4512	0.3154	0.0857	0.6456	0.5599	0.1362	0.2992	0.163	0.0752	0.1747	0.0995	0.1551	0.2667	0.1116	0.0839	0.4262	0.3423	0.0739	1.2257	1.1518	0.0739
0.0844	2.7185	2.6341	0.138	0.2857	0.1477	0.0842	0.1784	0.0942	0.2208	0.3163	0.0955	0.1287	0.6446	0.5159	0.1314	0.238	0.1066	0.095	0.1529	0.0579	0.159	0.2677	0.1087	0.0591	0.3291	0.27	0.072	0.55	0.478	0.0736
0.0702	0.3457	0.2755	0.1129	0.1783	0.0654	0.0414	0.1643	0.1229	0.1311	0.3832	0.2521	0.0794	0.5795	0.5001	0.2392	0.782	0.5428	0.0915	0.1776	0.0861	0.158	0.1987	0.0407	0.0726	0.3368	0.2642	0.0757	0.8733	0.7976	0.0826
0.0773	0.5142	0.4369	0.1155	0.1762	0.0607	0.0546	0.1398	0.0852	0.1171	0.2366	0.1195	0.0699	0.5568	0.4869	0.0971	0.224	0.1269	0.0944	0.1499	0.0555	0.1282	0.1937	0.0655	0.0631	0.3126	0.2495	0.0865	0.4619	0.3754	0.0844
0.0913	0.2595	0.1682	0.114	0.224	0.11	0.0892	0.1681	0.0789	0.124	0.3149	0.1909	0.0644	0.5278	0.4634	0.1237	0.234	0.1103	0.0897	0.1344	0.0447	0.1469	0.2113	0.0644	0.0755	0.2722	0.1967	0.1068	0.5819	0.4751	0.1018
0.1034	0.2856	0.1822	0.1266	0.216	0.0894	0.062	0.1691	0.1071	0.1216	0.3903	0.2687	0.0628	1.9401	1.8773	0.1277	1.1818	1.0541	0.1353	0.4244	0.2891	0.1672	0.3666	0.1994	0.1031	0.6927	0.5896	0.0749	0.8129	0.738	0.0828
0.0791	0.353	0.2739	0.0791	0.1783	0.0992	0.0868	0.1322	0.0454	0.1111	0.2356	0.1245	0.081	0.5151	0.4341	0.1164	0.2512	0.1348	0.0836	0.1441	0.0605	0.1269	0.2177	0.0908	0.0731	0.2704	0.1973	0.1021	0.4854	0.3833	0.0997
0.0849	0.3077	0.2228	0.1074	0.1863	0.0789	0.0744	0.1332	0.0588	0.1037	0.2398	0.1361	0.0776	0.5038	0.4262	0.1306	0.2994	0.1688	0.1	0.1818	0.0818	0.1245	0.2295	0.105	0.0662	0.2719	0.2057	0.0823	0.5265	0.4442	0.0773
0.0813	0.4027	0.3214	0.1005	0.205	0.1045	0.0623	0.1428	0.0805	0.0989	0.2395	0.1406	0.0852	0.5502	0.465	0.1237	0.2355	0.1118	0.0842	0.1695	0.0853	0.1229	0.2255	0.1026	0.0617	0.2761	0.2144	0.0807	0.5297	0.449	0.0791
0.0797	0.9702	0.8905	0.0981	0.2289	0.1308	0.0641	0.187	0.1229	0.1074	0.8191	0.7117	0.0797	0.508	0.4283	0.1269	0.2002	0.0733	0.0881	0.1623	0.0742	0.1282	0.1897	0.0615	0.0789	0.326	0.2471	0.0855	0.679	0.5935	0.071
0.0755	0.5367	0.4612	0.0971	0.191	0.0939	0.0786	0.1899	0.1113	0.1084	0.3109	0.2025	0.0836	1.5215	1.4379	0.1235	0.4329	0.3094	0.0773	0.1971	0.1198	0.153	0.2309	0.0779	0.0662	0.2777	0.2115	0.0718	0.5909	0.5191	0.0815
0.0678	0.3378	0.27	0.1097	0.2416	0.1319	0.0393	0.1424	0.1031	0.0915	0.2484	0.1569	0.0823	0.5629	0.4806	0.1172	0.2744	0.1572	0.0876	0.1697	0.0821	0.1411	0.2203	0.0792	0.0802	0.2706	0.1904	0.0794	0.5355	0.4561	0.0757
0.0797	0.437	0.3573	0.0984	0.1762	0.0778	0.0733	0.1564	0.0831	0.1124	0.2537	0.1413	0.0839	0.5333	0.4494	0.1329	0.2482	0.1153	0.0921	0.2122	0.1201	0.1422	0.2227	0.0805	0.0865	0.4475	0.361	0.0981	0.5716	0.4735	0.105
0.0936	0.4851	0.3915	0.1026	0.1696	0.067	0.0786	0.1211	0.0425	0.1269	0.2155	0.0886	0.0968	0.5544	0.4576	0.1325	0.2325	0.1	0.0844	0.1739	0.0895	0.1427	0.2361	0.0934	0.077	0.3114	0.2344	0.0876	0.7193	0.6317	0.0886
0.0944	0.7921	0.6977	0.1008	0.1947	0.0939	0.0834	0.1628	0.0794	0.1179	0.2355	0.1176	0.0915	0.6559	0.5644	0.1256	0.3018	0.1762	0.0823	0.1394	0.0571	0.1414	0.2306	0.0892	0.0786	0.2611	0.1825	0.0794	0.5492	0.4698	0.0704
0.0936	0.415	0.3214	0.1366	0.2751	0.1385	0.0733	0.2142	0.1409	0.1263	0.333	0.2067	0.1174	0.7198	0.6024	0.1298	0.2627	0.1329	0.0873	0.1633	0.076	0.143	0.218	0.075	0.0836	0.5071	0.4235	0.0892	0.5959	0.5067	0.076
0.0894	0.448	0.3586	0.1377	0.2793	0.1416	0.0675	0.2078	0.1403	0.1105	0.2714	0.1609	0.0973	0.6443	0.547	0.1127	0.2409	0.1282	0.0768	0.4872	0.4104	0.9211	2.7921	1.871	0.0673	0.8792	0.8119	0.0712	0.8519	0.7807	0.0828
0.0923	0.3952	0.3029	0.1348	0.1802	0.0454	0.0533	0.1667	0.1134	0.1285	0.273	0.1445	0.1008	0.6726	0.5718	0.1459	0.2562	0.1103	0.0934	0.165	0.0716	0.167	0.2153	0.0483	0.062	0.2627	0.2007	0.0884	0.535	0.4466	0.0786
0.0815	0.343	0.2615	0.1021	0.1897	0.0876	0.0573	0.1349	0.0776	0.1153	0.2949	0.1796	0.0807	0.5513	0.4706	0.1069	0.204	0.0971	0.0839	0.1541	0.0702	0.1322	0.204	0.0718	0.0755	0.2619	0.1864	0.0831	0.5107	0.4276	0.071
0.0723	0.4119	0.3396	0.0868	0.1483	0.0615	0.042	1.5739	1.5319	0.0973	1.0421	0.9448	0.0844	0.7387	0.6543	0.1211	0.3353	0.2142	0.1153	0.1724	0.0571	0.1701	0.2221	0.052	0.0818	0.3091	0.2273	0.0863	0.6727	0.5864	0.0697
0.0871	0.4304	0.3433	0.1311	0.1852	0.0541	0.0459	0.1622	0.1163	0.1103	0.2466	0.1363	0.0979	0.4999	0.402	0.1203	0.2216	0.1013	0.0847	0.1494	0.0647	0.1659	0.2187	0.0528	0.0718	0.3505	0.2787	0.0778	0.5695	0.4917	0.081
0.0778	0.3668	0.289	0.1132	0.1826	0.0694	0.0491	0.1488	0.0997	0.1142	0.2619	0.1477	0.0847	0.526	0.4413	0.1188	0.233	0.1142	0.086	0.2232	0.1372	0.1366	0.2174	0.0808	0.0739	0.3518	0.2779	0.0776	0.6073	0.5297	0.0791
0.0736	0.4116	0.338	0.114	0.1618	0.0478	0.0396	0.1696	0.13	0.1158	0.2556	0.1398	0.0799	0.5091	0.4292	0.1222	0.2182	0.096	0.081	0.1713	0.0903	0.1622	0.2295	0.0673	0.0673	0.316	0.2487	0.0918	4.0736	3.9818	0.0731
0.0884	0.3982	0.3098	0.1292	0.1825	0.0533	0.0509	0.1815	0.1306	0.1208	0.2579	0.1371	0.1024	0.6114	0.509	0.1129	0.2002	0.0873	0.0752	0.1652	0.09	0.1517	0.2003	0.0486	0.0762	0.2711	0.1949	0.0813	0.5348	0.4535	0.0805
0.0892	0.6274	0.5382	0.1116	0.2292	0.1176	0.0726	0.2306	0.158	0.1169	0.3463	0.2294	0.0931	0.5476	0.4545	0.1164	0.2027	0.0863	0.077	0.1639	0.0869	0.154	0.3128	0.1588	0.0744	0.3639	0.2895	0.0691	0.554	0.4849	0.061
0.1124	0.4438	0.3314	0.1016	0.2419	0.1403	0.0776	0.2403	0.1627	0.1092	0.7194	0.6102	0.095	0.6552	0.5602	0.1072	0.2386	0.1314	0.1034	0.2931	0.1897	0.1353	0.3218	0.1865	0.0596	0.4691	0.4095	0.0599	1.0421	0.9822	0.0726
0.0712	0.4205	0.3493	0.114	0.2071	0.0931	0.0675	0.1952	0.1277	0.1118	0.3908	0.279	0.0905	0.6022	0.5117	0.1085	0.2884	0.1799	0.0944	0.2113	0.1169	0.1274	0.249	0.1216	0.0615	0.2959	0.2344	0.0726	0.6463	0.5737	0.0752
0.0847	0.3897	0.305	0.1111	0.1974	0.0863	0.0438	0.1704	0.1266	0.1311	0.4064	0.2753	0.0834	0.5118	0.4284	0.1053	0.2377	0.1324	0.0865	0.1981	0.1116	0.1132	0.205	0.0918	0.0678	0.3207	0.2529	0.0707	0.618	0.5473	0.0786
0.0728	0.3858	0.313	0.1169	0.1931	0.0762	0.0588	0.1427	0.0839	0.1092	0.2645	0.1553	0.09	0.8543	0.7643	0.1548	0.5534	0.3986	0.0939	0.7419	0.648	0.1279	0.2218	0.0939	0.0718	0.4275	0.3557	0.0607	0.4656	0.4049	0.0662
0.0755	0.4204	0.3449	0.1153	0.1739	0.0586	0.0662	0.1664	0.1002	0.1198	0.2598	0.14	0.0823	0.8416	0.7593	0.1145	0.3123	0.1978	0.096	0.2071	0.1111	0.1517	0.2654	0.1137	0.0723	0.3434	0.2711	0.0768	0.5772	0.5004	0.0765
0.076	0.5759	0.4999	0.1163	0.1833	0.067	0.0765	0.9544	0.8779	0.115	0.4146	0.2996	0.0826	0.6571	0.5745	0.123	0.3593	0.2363	0.0968	0.2084	0.1116	0.1791	0.2678	0.0887	0.0707	0.3497	0.279	0.0683	0.8242	0.7559	0.0773
0.0828	0.4559	0.3731	0.1195	0.1723	0.0528	0.0728	0.1686	0.0958	0.1134	0.3481	0.2347	0.0934	0.5793	0.4859	0.1116	0.2118	0.1002	0.0918	0.1673	0.0755	0.1424	0.2063	0.0639	0.0747	0.2978	0.2231	0.0765	0.5094	0.4329	0.0728
0.0791	0.4195	0.3404	0.1234	0.1799	0.0565	0.0625	0.5085	0.446	0.1198	1.004	0.8842	0.0855	0.5819	0.4964	0.1256	0.2802	0.1546	0.1055	0.2016	0.0961	0.1683	0.3063	0.138	0.0675	0.4994	0.4319	0.0886	0.5777	0.4891	0.0712
0.0881	0.3309	0.2428	0.1129	0.1857	0.0728	0.0551	0.1627	0.1076	0.1063	0.2582	0.1519	0.0831	0.628	0.5449	0.1214	0.2491	0.1277	0.0857	0.2055	0.1198	0.13	0.2245	0.0945	0.0617	0.2982	0.2365	0.0828	0.507	0.4242	0.0865
0.076	0.4485	0.3725	0.1208	0.1981	0.0773	0.0697	0.143	0.0733	0.1324	0.3624	0.23	0.0997	0.585	0.4853	0.1114	0.2098	0.0984	0.0902	0.1794	0.0892	0.1435	0.2348	0.0913	0.0752	0.3141	0.2389	0.072	0.458	0.386	0.0773
0.0815	0.3544	0.2729	0.1029	0.1873	0.0844	0.0681	0.316	0.2479	0.3254	1.0292	0.7038	0.0952	0.6172	0.522	0.1154	0.2491	0.1337	0.0931	0.1652	0.0721	0.1464	0.2351	0.0887	0.0765	0.2727	0.1962	0.0802	0.5901	0.5099	0.0878
0.0865	0.376	0.2895	0.1124	0.1715	0.0591	0.0768	0.1422	0.0654	0.139	0.2503	0.1113	0.1034	0.7195	0.6161	0.1314	3.1764	3.045	0.0934	0.6309	0.5375	0.1432	0.2018	0.0586	0.0728	0.5042	0.4314	0.067	0.4814	0.4144	0.0694
0.0731	0.3483	0.2752	0.1161	0.1694	0.0533	0.0554	0.1593	0.1039	0.1287	0.2703	0.1416	0.1163	0.5671	0.4508	0.1266	0.206	0.0794	0.0805	0.1492	0.0687	0.1432	0.2308	0.0876	0.0747	0.2841	0.2094	0.0791	0.4611	0.382	0.0873
0.0902	0.3538	0.2636	0.1469	0.293	0.1461	0.0694	0.1855	0.1161	0.1242	0.3133	0.1891	0.1163	0.5188	0.4025	0.1227	0.2243	0.1016	0.0826	0.1597	0.0771	0.1351	0.2119	0.0768	0.0744	0.2959	0.2215	0.0794	0.6289	0.5495	0.0599
0.072	0.4005	0.3285	0.1221	0.1704	0.0483	0.072	0.1693	0.0973	0.1337	0.3083	0.1746	0.101	0.5892	0.4882	0.1092	0.1934	0.0842	0.0884	0.1623	0.0739	0.1285	0.1847	0.0562	0.0765	0.5266	0.4501	0.0918	0.4379	0.3461	0.0704
0.0802	0.39	0.3098	0.1132	0.3767	0.2635	0.0691	0.1983	0.1292	0.1351	0.3128	0.1777	0.1047	0.5763	0.4716	0.1137	0.1928	0.0791	0.0929	0.1566	0.0637	0.1395	0.2403	0.1008	0.0702	0.3284	0.2582	0.0865	0.608	0.5215	0.0776
0.0944	0.3256	0.2312	0.1329	0.1902	0.0573	0.0681	0.1683	0.1002	0.1279	0.4407	0.3128	0.0968	0.623	0.5262	0.1042	0.1783	0.0741	0.0828	0.1741	0.0913	0.1385	0.2121	0.0736	0.0757	0.2954	0.2197	0.0815	0.5068	0.4253	0.0665
0.081	0.3504	0.2694	0.1409	0.1971	0.0562	0.0686	0.152	0.0834	0.1356	0.287	0.1514	0.1111	0.5228	0.4117	0.1138	0.1758	0.062	0.081	0.1718	0.0908	0.1269	0.215	0.0881	0.0652	0.2617	0.1965	0.0673	0.4393	0.372	0.0768
0.0881	0.2884	0.2003	0.1258	0.2158	0.09	0.0741	0.159	0.0849	0.125	0.3252	0.2002	0.0976	0.5781	0.4805	0.1396	0.185	0.0454	0.095	0.1652	0.0702	0.1382	0.2572	0.119	0.0907	0.2782	0.1875	0.1034	0.5065	0.4031	0.086
0.0881	0.4456	0.3575	0.1155	0.8813	0.7658	0.1068	0.5298	0.423	0.1182	0.4426	0.3244	0.119	0.5782	0.4592	0.1253	0.2142	0.0889	0.0921	0.1829	0.0908	0.1527	0.2419	0.0892	0.0654	0.2909	0.2255	0.0871	0.4662	0.3791	0.072
0.0762	0.3831	0.3069	0.1308	0.1923	0.0615	0.0517	0.1751	0.1234	0.1461	0.2843	0.1382	0.1055	0.5681	0.4626	0.0881	0.1678	0.0797	0.0981	0.1607	0.0626	0.1372	0.229	0.0918	0.0802	0.2962	0.216	0.0921	0.5793	0.4872	0.0776
0.0855	0.3093	0.2238	0.1335	0.3194	0.1859	0.077	0.1907	0.1137	0.1287	0.3128	0.1841	0.0968	0.6204	0.5236	0.0984	0.2134	0.115	0.0894	0.1734	0.084	0.1422	0.2079	0.0657	0.0818	0.3373	0.2555	0.082	0.4603	0.3783	0.0757
0.0802	0.4019	0.3217	0.1213	0.1485	0.0272	0.0678	0.1812	0.1134	0.1282	0.2883	0.1601	0.1155	0.5597	0.4442	0.1103	0.1689	0.0586	0.0868	0.1626	0.0758	0.1438	0.2454	0.1016	0.0673	0.3985	0.3312	0.0594	0.4554	0.396	0.0689
0.0818	0.3367	0.2549	0.1182	0.1918	0.0736	0.0668	0.1794	0.1126	0.1126	0.2571	0.1445	0.1216	0.546	0.4244	0.1087	0.1823	0.0736	0.0831	0.157	0.0739	0.1263	0.2171	0.0908	0.0697	0.2946	0.2249	0.0871	0.6402	0.5531	0.0818
0.0929	0.3658	0.2729	0.1179	0.1928	0.0749	0.0797	0.142	0.0623	0.139	0.2537	0.1147	0.1016	0.5874	0.4858	0.2817	0.9271	0.6454	0.0849	0.586	0.5011	0.1401	0.2459	0.1058	0.0744	0.4346	0.3602	0.0533	0.8161	0.7628	0.0649
0.0907	0.3567	0.266	0.1187	0.1638	0.0451	0.0776	0.1425	0.0649	0.1485	0.2859	0.1374	0.1105	0.5874	0.4769	0.1153	0.1876	0.0723	0.0852	0.162	0.0768	0.1456	0.2179	0.0723	0.0683	0.3573	0.289	0.081	0.5284	0.4474	0.0631
0.0871	0.5733	0.4862	0.119	0.2422	0.1232	0.0678	0.1427	0.0749	0.1132	0.2422	0.129	0.0968	0.632	0.5352	0.1246	0.2022	0.0776	0.0839	0.1871	0.1032	0.1435	0.2264	0.0829	0.0604	0.2764	0.216	0.0776	0.4691	0.3915	0.0747
0.0813	0.534	0.4527	0.1208	0.167	0.0462	0.0799	0.1812	0.1013	0.1619	0.3043	0.1424	0.1147	0.6746	0.5599	0.1045	0.2021	0.0976	0.0797	0.1797	0.1	0.1248	0.2042	0.0794	0.0644	0.2704	0.206	0.0884	0.4024	0.314	0.0805
0.0873	0.5231	0.4358	0.1195	0.4096	0.2901	0.0902	0.2332	0.143	0.1316	0.3112	0.1796	0.0918	0.6869	0.5951	0.1285	0.228	0.0995	0.0884	0.171	0.0826	0.1374	0.2622	0.1248	0.0789	0.2551	0.1762	0.096	0.4464	0.3504	0.0942
0.0907	0.3699	0.2792	0.1253	0.2163	0.091	0.09	0.1388	0.0488	0.1477	0.3265	0.1788	0.1147	1.1611	1.0464	0.1022	0.3346	0.2324	0.1219	0.1919	0.07	0.1469	0.2722	0.1253	0.0689	0.5143	0.4454	0.0878	0.4891	0.4013	0.0805
0.0926	0.3887	0.2961	0.1103	0.1931	0.0828	0.0694	0.1744	0.105	0.1482	0.3315	0.1833	0.0905	0.6072	0.5167	0.1124	0.1963	0.0839	0.0813	0.1518	0.0705	0.1366	0.3118	0.1752	0.0855	0.3075	0.222	0.0718	0.4369	0.3651	0.0852
0.077	0.4008	0.3238	0.1124	0.1494	0.037	0.0675	0.1757	0.1082	0.1229	0.3041	0.1812	0.1087	0.7602	0.6515	0.1272	1.5394	1.4122	0.1163	0.2206	0.1043	0.1351	0.1837	0.0486	0.0702	0.3497	0.2795	0.0794	0.4105	0.3311	0.0689
0.0836	0.4364	0.3528	0.1221	0.1424	0.0203	0.0678	0.2158	0.148	0.1369	0.226	0.0891	0.1108	0.5159	0.4051	0.1246	0.1993	0.0747	0.0842	0.1563	0.0721	0.1353	0.1997	0.0644	0.0728	0.2545	0.1817	0.0807	0.372	0.2913	0.072
0.0863	0.3745	0.2882	0.1348	0.1675	0.0327	0.0633	0.1622	0.0989	0.1546	0.2886	0.134	0.0952	0.5615	0.4663	0.114	0.2396	0.1256	0.0889	0.1473	0.0584	0.1319	0.2382	0.1063	0.0689	0.2727	0.2038	0.0805	0.4644	0.3839	0.082
0.081	0.3932	0.3122	0.1292	0.2007	0.0715	0.0559	0.2463	0.1904	0.0483	0.7316	0.6833	0.1013	0.5924	0.4911	0.1182	0.2224	0.1042	0.0955	0.152	0.0565	0.1366	0.2356	0.099	0.0683	0.3167	0.2484	0.0699	0.4224	0.3525	0.0784
0.0834	0.8473	0.7639	0.1211	0.1728	0.0517	0.0776	0.1649	0.0873	0.1337	0.2658	0.1321	0.096	0.5241	0.4281	0.1271	0.1973	0.0702	0.0813	0.1573	0.076	0.1387	0.2189	0.0802	0.071	0.5074	0.4364	0.09	0.5427	0.4527	0.0665
0.0826	0.4066	0.324	0.1192	0.1459	0.0267	0.0636	0.1889	0.1253	0.1229	0.3249	0.202	0.1068	0.5093	0.4025	0.1171	0.1762	0.0591	0.0849	0.1517	0.0668	0.1311	0.2053	0.0742	0.0689	0.2807	0.2118	0.0749	0.4092	0.3343	0.0847
0.0987	0.3811	0.2824	0.1343	0.2192	0.0849	0.0784	0.2477	0.1693	0.1234	0.6197	0.4963	0.1018	0.5653	0.4635	0.1298	0.2678	0.138	0.0955	0.1921	0.0966	0.1551	0.2551	0.1	0.0704	0.2819	0.2115	0.082	0.5542	0.4722	0.0926
0.0897	0.3391	0.2494	0.1332	0.2145	0.0813	0.0704	0.2244	0.154	0.067	0.2727	0.2057	0.1031	0.5525	0.4494	0.1269	0.2092	0.0823	0.0918	0.161	0.0692	0.1269	0.1963	0.0694	0.0747	0.288	0.2133	0.0815	0.4651	0.3836	0.0686
0.081	0.3539	0.2729	0.1324	0.3331	0.2007	0.0818	0.2176	0.1358	0.1245	0.2869	0.1624	0.0907	0.5742	0.4835	0.1074	0.1778	0.0704	0.0863	0.155	0.0687	0.1474	0.2482	0.1008	0.0739	0.2946	0.2207	0.0723	0.4393	0.367	0.0617
0.0731	0.3963	0.3232	0.1263	0.1696	0.0433	0.0596	0.163	0.1034	0.1316	0.2967	0.1651	0.1026	0.5465	0.4439	0.1132	0.2153	0.1021	0.0681	0.1645	0.0964	0.1398	0.2127	0.0729	0.0791	0.3077	0.2286	0.0786	0.5326	0.454	0.0818
0.0952	0.4076	0.3124	0.1432	0.2252	0.082	0.082	0.1907	0.1087	0.1298	0.3278	0.198	0.1005	0.6406	0.5401	0.1538	0.4684	0.3146	0.1103	0.3865	0.2762	0.1659	0.3471	0.1812	0.0813	0.4283	0.347	0.0649	0.6898	0.6249	0.0736
0.0889	0.4182	0.3293	0.1084	0.2674	0.159	0.0538	0.1514	0.0976	0.1137	0.3183	0.2046	0.0952	0.8305	0.7353	0.1138	0.2515	0.1377	0.0639	0.1392	0.0753	0.1419	0.3099	0.168	0.0902	0.4531	0.3629	0.0702	0.5891	0.5189	0.0757
0.0805	0.4174	0.3369	0.1319	0.2187	0.0868	0.076	0.1741	0.0981	0.1807	0.2909	0.1102	0.0913	0.5357	0.4444	0.105	0.1881	0.0831	0.0831	0.181	0.0979	0.1329	0.2382	0.1053	0.0828	0.2632	0.1804	0.0786	0.4693	0.3907	0.0623
0.0747	0.5161	0.4414	0.1229	0.1699	0.047	0.086	0.1731	0.0871	0.1622	0.2796	0.1174	0.1005	2.3769	2.2764	0.1103	0.5832	0.4729	0.0886	0.1694	0.0808	0.1082	0.1692	0.061	0.071	0.2363	0.1653	0.0694	0.5514	0.482	0.0594
0.0752	0.5857	0.5105	0.0971	0.1156	0.0185	0.0683	0.2007	0.1324	0.1039	0.3051	0.2012	0.1134	0.7032	0.5898	0.1082	0.3342	0.226	0.0773	0.2042	0.1269	0.1337	0.2218	0.0881	0.0791	0.3032	0.2241	0.0736	0.6199	0.5463	0.0704
0.0773	1.4292	1.3519	0.0536	0.2272	0.1736	0.033	0.6443	0.6113	0.1216	0.4267	0.3051	0.0955	1.1689	1.0734	0.0934	0.301	0.2076	0.0897	0.2351	0.1454	0.1467	0.4978	0.3511	0.0855	2.5941	2.5086	0.0857	1.1913	1.1056	0.0741
0.0929	0.4016	0.3087	0.1424	0.2321	0.0897	0.0762	0.2047	0.1285	0.1445	0.3697	0.2252	0.0995	1.2798	1.1803	0.124	0.3305	0.2065	0.0981	0.2269	0.1288	0.1459	0.2393	0.0934	0.0781	0.3012	0.2231	0.0702	0.6582	0.588	0.0886
0.1113	0.4453	0.334	0.1358	0.1757	0.0399	0.0852	0.1928	0.1076	0.1074	0.2751	0.1677	0.0992	0.5866	0.4874	0.1151	0.2101	0.095	0.0905	0.16	0.0695	0.1409	0.1956	0.0547	0.0768	0.2893	0.2125	0.0728	0.4738	0.401	0.0762
0.0744	0.3278	0.2534	0.12	0.1849	0.0649	0.0594	0.1633	0.1039	0.1174	0.3023	0.1849	0.1129	0.6309	0.518	0.1217	0.1985	0.0768	0.096	0.166	0.07	0.1409	0.2114	0.0705	0.0723	0.3228	0.2505	0.0673	1.0229	0.9556	0.0628
0.0902	0.4604	0.3702	0.1372	0.2541	0.1169	0.0794	0.2891	0.2097	0.1445	0.5029	0.3584	0.0923	1.7205	1.6282	0.1398	0.7377	0.5979	0.1018	0.5726	0.4708	0.1467	0.348	0.2013	0.086	0.5662	0.4802	0.0794	0.8274	0.748	0.0739
0.0868	0.4659	0.3791	0.1351	0.3777	0.2426	0.0794	0.3753	0.2959	0.1453	0.544	0.3987	0.1174	0.8002	0.6828	0.1208	0.3149	0.1941	0.0931	0.248	0.1549	0.1496	0.2697	0.1201	0.0633	0.3544	0.2911	0.0644	1.2726	1.2082	0.071
0.0813	0.4204	0.3391	0.1393	0.2583	0.119	0.0557	0.2166	0.1609	0.1387	0.3515	0.2128	0.1084	1.1929	1.0845	0.1084	0.4207	0.3123	0.0944	0.2079	0.1135	0.1422	0.2317	0.0895	0.0691	0.3608	0.2917	0.0578	1.2135	1.1557	0.0736
0.0733	0.3739	0.3006	0.1366	0.3803	0.2437	0.0715	0.2205	0.149	0.1256	0.413	0.2874	0.0979	0.5832	0.4853	0.1132	0.1992	0.086	0.0865	0.1847	0.0982	0.1353	0.2263	0.091	0.0739	0.3252	0.2513	0.0707	0.6268	0.5561	0.0736
0.0749	0.6763	0.6014	0.1285	0.234	0.1055	0.0522	0.2437	0.1915	0.1303	0.3007	0.1704	0.1082	0.5853	0.4771	0.1351	0.3023	0.1672	0.1063	0.2124	0.1061	0.1129	0.2229	0.11	0.0741	0.2975	0.2234	0.0752	0.645	0.5698	0.076
0.086	0.3713	0.2853	0.106	0.1799	0.0739	0.062	0.1907	0.1287	0.1124	0.2785	0.1661	0.096	0.5935	0.4975	0.089	0.2008	0.1118	0.0807	0.2005	0.1198	0.115	0.2308	0.1158	0.0628	0.4362	0.3734	0.0704	0.7227	0.6523	0.0712
0.0747	0.4132	0.3385	0.1037	0.1815	0.0778	0.0739	0.2068	0.1329	0.1292	0.2993	0.1701	0.1026	0.5903	0.4877	0.1106	0.181	0.0704	0.0931	0.1707	0.0776	0.1314	0.2185	0.0871	0.0784	0.3352	0.2568	0.0765	0.5004	0.4239	0.0694
0.0773	0.3626	0.2853	0.1287	0.1759	0.0472	0.0586	0.1855	0.1269	0.1237	0.2516	0.1279	0.1176	0.7372	0.6196	0.1483	0.3213	0.173	0.0826	0.1816	0.099	0.1316	0.1905	0.0589	0.0723	0.2972	0.2249	0.0715	0.5405	0.469	0.0683
0.0813	0.4006	0.3193	0.1163	0.1728	0.0565	0.0625	0.215	0.1525	0.1219	0.3165	0.1946	0.0905	0.5062	0.4157	0.1198	0.1979	0.0781	0.0868	0.1853	0.0985	0.1395	0.1968	0.0573	0.0699	0.2838	0.2139	0.0691	0.4477	0.3786	0.0639
0.086	0.4994	0.4134	0.1042	0.1723	0.0681	0.0623	0.1799	0.1176	0.1248	0.2793	0.1545	0.0981	0.6219	0.5238	0.1124	0.2208	0.1084	0.0868	0.2414	0.1546	0.1343	0.2211	0.0868	0.0623	0.3039	0.2416	0.0786	1.1631	1.0845	0.0673
0.0839	0.6722	0.5883	0.1126	0.1646	0.052	0.0683	0.7851	0.7168	0.1263	0.3866	0.2603	0.0915	0.599	0.5075	0.1161	0.2171	0.101	0.0855	0.16	0.0745	0.1256	0.2776	0.152	0.0778	0.337	0.2592	0.0668	0.51	0.4432	0.0586
0.0799	0.4205	0.3406	0.1121	0.1673	0.0552	0.0694	0.1747	0.1053	0.1182	0.2445	0.1263	0.1095	0.5063	0.3968	0.1058	0.2005	0.0947	0.0873	0.161	0.0737	0.1345	0.1839	0.0494	0.061	0.3044	0.2434	0.072	0.541	0.469	0.0784
0.0834	0.376	0.2926	0.1134	0.1693	0.0559	0.0731	0.1776	0.1045	0.1219	0.2224	0.1005	0.0944	0.4848	0.3904	0.1034	0.1934	0.09	0.086	0.1518	0.0658	0.1295	1.0029	0.8734	0.0633	0.3407	0.2774	0.0699	0.8419	0.772	0.0683
0.0902	0.4443	0.3541	0.1213	0.1978	0.0765	0.0501	0.1321	0.082	0.1554	0.2582	0.1028	0.1079	0.5521	0.4442	0.1362	0.5286	0.3924	0.0757	0.1626	0.0869	0.1269	0.1892	0.0623	0.0528	0.2859	0.2331	0.0752	1.9785	1.9033	0.0557
0.0802	0.3797	0.2995	0.1329	0.1741	0.0412	0.066	0.1636	0.0976	0.1472	0.2569	0.1097	0.1103	0.4954	0.3851	0.1272	0.1871	0.0599	0.0907	0.1749	0.0842	0.1308	0.1899	0.0591	0.0665	0.2711	0.2046	0.0776	0.5487	0.4711	0.0773
0.0791	0.3633	0.2842	0.1111	0.1665	0.0554	0.061	0.1794	0.1184	0.1345	0.2379	0.1034	0.1026	0.5528	0.4502	0.1327	0.214	0.0813	0.0889	0.1845	0.0956	0.13	0.2123	0.0823	0.0678	0.3589	0.2911	0.0744	0.6399	0.5655	0.0741
0.0736	0.4287	0.3551	0.1037	0.1823	0.0786	0.0762	0.2012	0.125	0.1369	0.2822	0.1453	0.0865	0.5824	0.4959	0.1185	0.223	0.1045	0.0799	0.1523	0.0724	0.1242	0.2237	0.0995	0.0839	0.303	0.2191	0.0797	0.4709	0.3912	0.0897
0.0934	0.3544	0.261	0.1063	0.1717	0.0654	0.0649	0.1957	0.1308	0.1079	0.254	0.1461	0.0849	0.4988	0.4139	0.1237	0.1915	0.0678	0.0847	0.1963	0.1116	0.1203	0.1866	0.0663	0.0686	0.297	0.2284	0.071	0.5065	0.4355	0.0784
0.0797	0.3739	0.2942	0.1055	0.1614	0.0559	0.0728	0.1699	0.0971	0.1295	0.2558	0.1263	0.0794	0.5151	0.4357	0.1187	0.2108	0.0921	0.0905	0.1684	0.0779	0.1248	0.2027	0.0779	0.0747	0.2962	0.2215	0.0807	0.6613	0.5806	0.0836
0.076	0.4048	0.3288	0.1532	0.3289	0.1757	0.0802	0.263	0.1828	0.1503	0.2727	0.1224	0.1198	0.5379	0.4181	0.163	0.2909	0.1279	0.0855	0.1974	0.1119	0.1424	0.2224	0.08	0.066	0.3613	0.2953	0.0755	0.5952	0.5197	0.0778
0.0892	0.3531	0.2639	0.1269	0.1726	0.0457	0.0673	0.2991	0.2318	0.0902	0.8565	0.7663	0.0921	0.6225	0.5304	0.1126	0.2703	0.1577	0.0778	0.1818	0.104	0.1232	0.2161	0.0929	0.0704	0.3439	0.2735	0.0778	0.5998	0.522	0.0741
0.067	0.3831	0.3161	0.1124	0.2177	0.1053	0.0612	0.1857	0.1245	0.1166	0.2587	0.1421	0.0952	0.6644	0.5692	0.143	0.2923	0.1493	0.0826	0.1953	0.1127	0.115	0.2068	0.0918	0.077	1.3728	1.2958	0.0686	1.0065	0.9379	0.0773
0.0797	0.453	0.3733	0.1461	0.2825	0.1364	0.066	0.2324	0.1664	0.1424	0.4646	0.3222	0.129	0.7193	0.5903	0.1586	0.3076	0.149	0.0955	1.6346	1.5391	0.1034	0.5238	0.4204	0.1063	1.0556	0.9493	0.1179	0.8092	0.6913	0.0575
0.0915	1.0534	0.9619	0.1554	0.3108	0.1554	0.0607	0.224	0.1633	0.1411	0.3471	0.206	0.1105	0.5923	0.4818	0.1227	0.2	0.0773	0.0855	0.2127	0.1272	0.1216	0.2195	0.0979	0.0538	0.9633	0.9095	0.0728	0.6964	0.6236	0.0757
0.0805	0.4486	0.3681	0.1306	0.1987	0.0681	0.0636	0.1881	0.1245	0.1503	0.2674	0.1171	0.1058	0.5795	0.4737	0.1227	0.2047	0.082	0.0871	0.1753	0.0882	0.1248	0.2206	0.0958	0.0747	0.3542	0.2795	0.0689	0.5962	0.5273	0.0675
0.0768	0.356	0.2792	0.1089	0.22	0.1111	0.0852	0.3379	0.2527	0.0195	1.1687	1.1492	0.1132	0.6552	0.542	0.123	0.223	0.1	0.0765	0.1744	0.0979	0.1216	0.2187	0.0971	0.0675	0.2946	0.2271	0.0736	1.6056	1.532	0.0641
0.0886	0.4786	0.39	0.1438	0.3413	0.1975	0.0818	0.2662	0.1844	0.1575	0.3442	0.1867	0.1166	0.5563	0.4397	0.1216	0.1775	0.0559	0.0857	0.1863	0.1006	0.1327	0.2517	0.119	0.0654	0.6964	0.631	0.0731	0.5266	0.4535	0.076
0.0844	0.4235	0.3391	0.13	0.1733	0.0433	0.0578	0.1573	0.0995	0.1387	0.2579	0.1192	0.1134	0.5122	0.3988	0.1333	0.2117	0.0784	0.0839	0.1599	0.076	0.1327	0.248	0.1153	0.0757	0.7766	0.7009	0.0762	0.536	0.4598	0.0675
0.0794	0.3633	0.2839	0.1374	0.1759	0.0385	0.0504	0.1572	0.1068	0.1427	0.2627	0.12	0.1016	0.5176	0.416	0.128	0.176	0.048	0.086	0.1853	0.0993	0.1335	0.2406	0.1071	0.0689	0.3337	0.2648	0.0762	0.564	0.4878	0.0583
0.0794	0.3697	0.2903	0.1229	0.4301	0.3072	0.0923	0.3157	0.2234	0.1292	0.4435	0.3143	0.1034	0.6628	0.5594	0.1237	0.8094	0.6857	0.1029	0.2409	0.138	0.1295	0.244	0.1145	0.0694	0.3363	0.2669	0.0683	0.4743	0.406	0.0644
0.0826	0.418	0.3354	0.1232	0.1744	0.0512	0.0565	0.1683	0.1118	0.1155	0.2421	0.1266	0.1045	0.5246	0.4201	0.1288	0.2011	0.0723	0.0818	0.1903	0.1085	0.1271	0.2479	0.1208	0.0762	0.3312	0.255	0.0699	0.4487	0.3788	0.0699
0.0852	0.3802	0.295	0.1282	0.1797	0.0515	0.0538	0.1414	0.0876	0.1263	0.2645	0.1382	0.1013	0.5097	0.4084	0.129	0.2168	0.0878	0.0836	0.1647	0.0811	0.1329	0.225	0.0921	0.0588	0.3038	0.245	0.0657	0.496	0.4303	0.0757
0.0707	0.3591	0.2884	0.119	0.1818	0.0628	0.0538	0.1535	0.0997	0.1198	0.2488	0.129	0.1039	0.5262	0.4223	0.1261	0.2161	0.09	0.0828	0.1744	0.0916	0.1184	0.2469	0.1285	0.0707	0.3399	0.2692	0.0744	0.6811	0.6067	0.082
0.0789	0.4071	0.3282	0.1216	0.1744	0.0528	0.0639	0.1837	0.1198	0.1245	0.3059	0.1814	0.1142	0.5428	0.4286	0.1354	0.2227	0.0873	0.0871	0.1769	0.0898	0.1329	0.2321	0.0992	0.0865	0.3436	0.2571	0.0786	0.521	0.4424	0.0723
0.0855	0.2959	0.2104	0.1285	0.1866	0.0581	0.0607	0.191	0.1303	0.1192	0.2318	0.1126	0.1169	0.5448	0.4279	0.1562	0.258	0.1018	0.0736	0.1628	0.0892	0.1419	0.2488	0.1069	0.0699	0.2909	0.221	0.0657	0.4556	0.3899	0.076
0.0802	0.8815	0.8013	0.1169	0.1924	0.0755	0.0538	0.1567	0.1029	0.1205	0.2455	0.125	0.1084	0.676	0.5676	0.135	1.5427	1.4077	0.1055	0.3748	0.2693	0.1459	0.3174	0.1715	0.0952	0.4443	0.3491	0.095	0.7663	0.6713	0.0907
0.1039	0.4714	0.3675	0.1532	0.2503	0.0971	0.076	0.2063	0.1303	0.1351	0.2886	0.1535	0.125	0.5916	0.4666	0.1435	0.2237	0.0802	0.0897	0.1992	0.1095	0.1393	0.2525	0.1132	0.0799	0.5867	0.5068	0.0826	0.4902	0.4076	0.071
0.0755	0.341	0.2655	0.1161	0.1934	0.0773	0.0686	0.1976	0.129	0.0936	0.3309	0.2373	0.1042	0.4909	0.3867	0.1469	0.2068	0.0599	0.0907	0.1678	0.0771	0.139	0.2145	0.0755	0.0739	0.3086	0.2347	0.0778	0.5503	0.4725	0.072
0.0773	0.4369	0.3596	0.105	0.302	0.197	0.0726	0.2522	0.1796	0.106	0.3109	0.2049	0.0871	0.5141	0.427	0.1106	0.2256	0.115	0.0868	0.1887	0.1019	0.1142	0.2764	0.1622	0.0673	0.3136	0.2463	0.072	0.4614	0.3894	0.0799
0.0773	0.3322	0.2549	0.124	0.1871	0.0631	0.0333	0.1684	0.1351	0.1031	0.2421	0.139	0.1024	1.6569	1.5545	0.1213	0.4542	0.3329	0.0857	0.1681	0.0824	0.1163	0.2002	0.0839	0.0675	0.3251	0.2576	0.0815	1.1987	1.1172	0.0741
0.0649	0.4069	0.342	0.1242	0.1677	0.0435	0.0507	0.1691	0.1184	0.1126	0.2671	0.1545	0.1113	0.5546	0.4433	0.1093	0.2161	0.1068	0.0936	0.1615	0.0679	0.1261	0.2934	0.1673	0.0726	0.297	0.2244	0.0781	0.4258	0.3477	0.0747
0.0834	0.4225	0.3391	0.1319	0.234	0.1021	0.0757	0.2284	0.1527	0.1176	0.2766	0.159	0.1322	0.9688	0.8366	0.1383	0.3588	0.2205	0.0857	0.2287	0.143	0.1564	0.2619	0.1055	0.0778	0.38	0.3022	0.0744	0.6494	0.575	0.0686
0.0786	0.3425	0.2639	0.1314	0.181	0.0496	0.0807	0.2727	0.192	0.0275	0.768	0.7405	0.1018	0.5866	0.4848	0.1254	0.2449	0.1195	0.076	0.1515	0.0755	0.1343	0.2164	0.0821	0.0704	0.3025	0.2321	0.072	0.3841	0.3121	0.0675
0.0823	0.3618	0.2795	0.1221	0.1559	0.0338	0.0583	0.2102	0.1519	0.1324	0.2777	0.1453	0.096	0.4825	0.3865	0.129	0.2142	0.0852	0.0871	0.1721	0.085	0.1348	0.2256	0.0908	0.0847	0.3086	0.2239	0.0807	0.6818	0.6011	0.0702
0.0844	0.3781	0.2937	0.1308	0.172	0.0412	0.0691	0.1635	0.0944	0.1227	0.2105	0.0878	0.1176	0.5446	0.427	0.1158	0.2406	0.1248	0.0857	0.1567	0.071	0.1292	0.1973	0.0681	0.0905	0.2946	0.2041	0.0752	0.3894	0.3142	0.0768
0.0799	0.3053	0.2254	0.1398	0.1826	0.0428	0.0625	0.7774	0.7149	0.1176	0.3853	0.2677	0.096	0.9816	0.8856	0.1301	0.3029	0.1728	0.0786	0.1573	0.0787	0.1335	0.2143	0.0808	0.0733	0.2901	0.2168	0.0681	0.631	0.5629	0.0789
0.0878	0.3757	0.2879	0.1277	0.2029	0.0752	0.0562	0.1525	0.0963	0.1242	0.2727	0.1485	0.0641	0.96	0.8959	0.1308	0.2553	0.1245	0.0784	0.1579	0.0795	0.1179	0.2147	0.0968	0.0683	0.2985	0.2302	0.0712	0.6613	0.5901	0.0607
0.0815	0.4601	0.3786	0.1372	0.1852	0.048	0.0683	0.1701	0.1018	0.138	0.2456	0.1076	0.1216	0.555	0.4334	0.1635	0.2134	0.0499	0.0852	0.1747	0.0895	0.1477	0.225	0.0773	0.0768	0.3993	0.3225	0.0836	0.6774	0.5938	0.0728
0.1116	0.9464	0.8348	0.1461	0.2495	0.1034	0.0823	0.2218	0.1395	0.119	0.3532	0.2342	0.1066	0.5851	0.4785	0.1335	0.2559	0.1224	0.0897	0.1763	0.0866	0.1451	0.2325	0.0874	0.0921	0.6488	0.5567	0.076	0.7694	0.6934	0.0718
0.0934	0.3344	0.241	0.1464	0.2255	0.0791	0.0699	0.2126	0.1427	0.1271	0.3025	0.1754	0.0934	0.5001	0.4067	0.1193	0.1948	0.0755	0.081	0.1668	0.0858	0.1319	0.2208	0.0889	0.0776	0.3213	0.2437	0.0762	0.439	0.3628	0.0718
0.0731	0.3679	0.2948	0.1298	0.239	0.1092	0.0855	0.2029	0.1174	0.1248	0.3176	0.1928	0.1055	0.671	0.5655	0.1488	0.3276	0.1788	0.0736	0.21	0.1364	0.1511	0.2648	0.1137	0.0752	0.3608	0.2856	0.0715	0.6552	0.5837	0.0765
0.081	0.3871	0.3061	0.0984	0.1725	0.0741	0.0702	0.1892	0.119	0.1345	0.3241	0.1896	0.101	0.5842	0.4832	0.1127	0.2696	0.1569	0.0984	0.2108	0.1124	0.1176	0.2055	0.0879	0.077	0.2993	0.2223	0.0718	0.5292	0.4574	0.0683
0.0836	0.3778	0.2942	0.1229	0.1802	0.0573	0.0646	0.1472	0.0826	0.125	0.2558	0.1308	0.0968	0.5083	0.4115	0.1119	0.1942	0.0823	0.0863	0.1914	0.1051	0.1372	0.2293	0.0921	0.0641	0.3436	0.2795	0.0731	0.5274	0.4543	0.0723
0.077	0.3417	0.2647	0.1076	0.1939	0.0863	0.0752	0.1691	0.0939	0.0958	0.2466	0.1508	0.0842	0.4867	0.4025	0.1095	0.2111	0.1016	0.0831	0.1937	0.1106	0.1118	0.2305	0.1187	0.0628	0.2975	0.2347	0.0805	0.4404	0.3599	0.077
0.0741	0.3248	0.2507	0.1055	0.163	0.0575	0.0768	0.147	0.0702	0.1116	0.2282	0.1166	0.0907	0.4702	0.3795	0.0979	0.1923	0.0944	0.0881	0.1942	0.1061	0.1208	0.2435	0.1227	0.0765	0.398	0.3215	0.0755	0.4599	0.3844	0.0747
0.0747	0.4122	0.3375	0.0968	0.2326	0.1358	0.0781	0.1947	0.1166	0.1002	0.245	0.1448	0.0847	0.4912	0.4065	0.1295	0.2878	0.1583	0.0823	0.2137	0.1314	0.0976	0.254	0.1564	0.0781	0.5673	0.4892	0.0668	0.5124	0.4456	0.0733
0.0733	1.8625	1.7892	0.1269	0.518	0.3911	0.0791	0.2545	0.1754	0.1161	0.278	0.1619	0.0826	0.4654	0.3828	0.1185	0.214	0.0955	0.081	0.1977	0.1167	0.1147	0.2218	0.1071	0.0668	0.3176	0.2508	0.0702	0.4554	0.3852	0.0773
0.0747	0.3581	0.2834	0.1124	0.1523	0.0399	0.066	0.1631	0.0971	0.105	0.2498	0.1448	0.0731	0.4991	0.426	0.1325	0.3791	0.2466	0.0807	0.3933	0.3126	0.1411	1.1838	1.0427	0.0831	0.7426	0.6595	0.072	0.4585	0.3865	0.0726
0.0855	0.3497	0.2642	0.1266	0.1849	0.0583	0.0707	0.1483	0.0776	0.1184	0.2363	0.1179	0.0886	0.4499	0.3613	0.1182	0.2171	0.0989	0.0897	0.1774	0.0877	0.1509	0.2417	0.0908	0.0773	0.6659	0.5886	0.0789	0.5129	0.434	0.0699
0.0979	0.3705	0.2726	0.1155	0.1646	0.0491	0.0599	0.1699	0.11	0.1176	0.4712	0.3536	0.1045	0.5497	0.4452	0.1011	0.1842	0.0831	0.081	0.1766	0.0956	0.1229	0.2126	0.0897	0.0744	0.2804	0.206	0.081	0.4451	0.3641	0.0765
0.0865	0.4176	0.3311	0.1068	0.1485	0.0417	0.0784	0.1742	0.0958	0.1406	0.2838	0.1432	0.106	0.5549	0.4489	0.1229	0.2245	0.1016	0.0842	0.1444	0.0602	0.1556	0.2419	0.0863	0.0689	2.588	2.5191	0.0765	0.5687	0.4922	0.072
0.0973	0.6212	0.5239	0.1137	0.1369	0.0232	0.0852	0.1788	0.0936	0.115	0.2492	0.1342	0.1179	0.6175	0.4996	0.1403	4.1523	4.012	0.0934	0.1668	0.0734	0.1511	0.2097	0.0586	0.0583	0.3051	0.2468	0.0831	0.5838	0.5007	0.0894
0.0929	0.9715	0.8786	0.1311	0.1688	0.0377	0.0844	0.2279	0.1435	0.1029	1.0293	0.9264	0.0934	0.5882	0.4948	0.1446	0.3007	0.1561	0.0823	0.185	0.1027	0.0971	1.4573	1.3602	0.0784	1.2134	1.135	0.0776	0.9804	0.9028	0.067
0.0815	0.3333	0.2518	0.1435	0.1886	0.0451	0.0704	0.153	0.0826	0.1224	0.2772	0.1548	0.0921	0.6415	0.5494	0.1538	0.3078	0.154	0.0755	0.1486	0.0731	0.1416	0.2595	0.1179	0.0644	0.3086	0.2442	0.0802	0.5171	0.4369	0.0715
0.077	0.3504	0.2734	0.1221	0.1672	0.0451	0.0702	0.142	0.0718	0.1322	0.2793	0.1471	0.0776	0.6425	0.5649	0.1177	0.2261	0.1084	0.0849	0.1749	0.09	0.1548	0.2886	0.1338	0.0744	0.4111	0.3367	0.0789	0.4799	0.401	0.0773
0.0881	0.3367	0.2486	0.1535	0.1878	0.0343	0.0641	0.1435	0.0794	0.1234	0.2663	0.1429	0.0889	0.6084	0.5195	0.1348	0.2324	0.0976	0.0689	0.1602	0.0913	0.1351	0.2401	0.105	0.0704	0.2771	0.2067	0.082	0.4883	0.4063	0.0697
0.0797	0.3526	0.2729	0.1372	0.1887	0.0515	0.0741	0.1722	0.0981	0.1198	0.2522	0.1324	0.0921	0.5534	0.4613	0.1387	0.278	0.1393	0.0855	0.1718	0.0863	0.1561	0.2569	0.1008	0.0818	0.5032	0.4214	0.0966	0.5646	0.468	0.0884
0.143	0.8375	0.6945	0.1514	0.1955	0.0441	0.0797	0.1496	0.0699	0.1306	0.2814	0.1508	0.0995	0.5395	0.44	0.1341	0.2201	0.086	0.0791	0.1317	0.0526	0.1612	0.2333	0.0721	0.0733	0.3006	0.2273	0.0876	0.5456	0.458	0.0776
0.0813	0.326	0.2447	0.1387	0.1952	0.0565	0.0694	0.1733	0.1039	0.1464	0.2888	0.1424	0.1084	0.618	0.5096	0.1295	0.2282	0.0987	0.081	0.1444	0.0634	0.1796	0.2477	0.0681	0.0762	0.4939	0.4177	0.077	0.5236	0.4466	0.0802
0.0813	0.3465	0.2652	0.1295	0.1931	0.0636	0.0343	0.1343	0.1	0.1068	0.2698	0.163	0.0955	0.5803	0.4848	0.1295	0.2696	0.1401	0.0897	0.1473	0.0576	0.1543	0.2767	0.1224	0.0694	0.5646	0.4952	0.0868	0.5819	0.4951	0.0797
0.0871	0.3634	0.2763	0.1366	0.1823	0.0457	0.0686	0.1752	0.1066	0.1103	0.2511	0.1408	0.0881	0.5176	0.4295	0.1351	0.2617	0.1266	0.081	0.1473	0.0663	0.1577	0.2522	0.0945	0.0731	0.2864	0.2133	0.0805	0.3821	0.3016	0.0813
0.0905	0.3362	0.2457	0.1274	0.1757	0.0483	0.042	0.1699	0.1279	0.1118	0.2729	0.1611	0.0697	0.5266	0.4569	0.1264	0.1953	0.0689	0.0726	0.1476	0.075	0.1464	0.2372	0.0908	0.0757	0.2872	0.2115	0.0802	0.4182	0.338	0.0723
0.0791	0.3193	0.2402	0.1279	0.1683	0.0404	0.0662	0.1796	0.1134	0.1116	0.2532	0.1416	0.0952	5.1388	5.0436	0.1506	0.4201	0.2695	0.0815	0.185	0.1035	0.1538	0.2288	0.075	0.0707	0.3007	0.23	0.0786	2.4136	2.335	0.091
0.0939	0.3781	0.2842	0.148	0.1654	0.0174	0.0578	0.1549	0.0971	0.1171	0.2529	0.1358	0.1021	0.6333	0.5312	0.1409	0.2543	0.1134	0.067	0.1452	0.0782	0.1493	0.2646	0.1153	0.0649	0.3423	0.2774	0.0765	0.4427	0.3662	0.0786
0.0762	0.2889	0.2127	0.1459	0.1784	0.0325	0.0694	0.1596	0.0902	0.1118	0.2218	0.11	0.0966	0.5661	0.4695	0.129	0.5446	0.4156	0.0828	0.1699	0.0871	0.1205	0.2142	0.0937	0.0628	0.2869	0.2241	0.0702	0.5274	0.4572	0.071
0.0736	0.295	0.2214	0.1332	0.1707	0.0375	0.0691	0.1833	0.1142	0.1161	0.2888	0.1727	0.1008	0.6439	0.5431	0.1504	0.3899	0.2395	0.0778	0.1557	0.0779	0.154	0.2477	0.0937	0.0752	0.3099	0.2347	0.0784	0.6608	0.5824	0.0805
0.0905	0.4111	0.3206	0.1322	0.1744	0.0422	0.0778	0.1672	0.0894	0.1232	0.3075	0.1843	0.1068	0.5868	0.48	0.1388	0.3129	0.1741	0.0781	0.1518	0.0737	0.1577	0.2561	0.0984	0.061	0.513	0.452	0.0797	0.4699	0.3902	0.0665
0.081	0.3628	0.2818	0.143	0.1916	0.0486	0.0496	0.1601	0.1105	0.1129	0.2466	0.1337	0.0952	0.6256	0.5304	0.1407	0.2895	0.1488	0.0686	0.1354	0.0668	0.1733	0.2649	0.0916	0.081	0.3128	0.2318	0.0802	0.4559	0.3757	0.0723
0.0828	0.358	0.2752	0.1385	0.166	0.0275	0.0813	0.1979	0.1166	0.1216	0.3784	0.2568	0.091	0.4896	0.3986	0.1182	0.1538	0.0356	0.0784	0.151	0.0726	0.1556	0.2097	0.0541	0.0791	0.2663	0.1872	0.081	0.583	0.502	0.0781
0.0855	0.481	0.3955	0.143	0.1665	0.0235	0.0594	0.1625	0.1031	0.1266	0.2708	0.1442	0.1	0.5391	0.4391	0.1245	0.2068	0.0823	0.0815	0.1259	0.0444	0.1743	0.2477	0.0734	0.0863	0.3431	0.2568	0.0728	0.825	0.7522	0.0934
0.1005	0.342	0.2415	0.1195	0.1538	0.0343	0.0689	0.1921	0.1232	0.0971	0.2305	0.1334	0.1042	1.3065	1.2023	0.1029	0.2424	0.1395	0.0894	0.1652	0.0758	0.1546	0.2789	0.1243	0.0778	0.4019	0.3241	0.0747	0.8114	0.7367	0.0565
0.091	0.4406	0.3496	0.1021	0.1768	0.0747	0.0752	0.3701	0.2949	0.0248	1.4633	1.4385	0.0831	0.6061	0.523	0.1187	0.5177	0.399	0.091	0.1507	0.0597	0.1211	0.2158	0.0947	0.0726	0.3123	0.2397	0.0889	0.7409	0.652	0.0773
0.0934	0.3225	0.2291	0.1314	0.1736	0.0422	0.0728	0.2034	0.1306	0.0894	0.2819	0.1925	0.0971	0.5325	0.4354	0.109	0.1897	0.0807	0.0807	0.1409	0.0602	0.1369	0.2324	0.0955	0.0704	0.2679	0.1975	0.082	0.5579	0.4759	0.0739
0.0773	0.3826	0.3053	0.1203	0.1889	0.0686	0.0691	0.1654	0.0963	0.101	0.2629	0.1619	0.0944	0.5662	0.4718	0.1243	0.2414	0.1171	0.0707	0.1628	0.0921	0.1298	0.21	0.0802	0.0749	0.2827	0.2078	0.0815	0.5213	0.4398	0.0702
0.0813	0.3729	0.2916	0.1345	0.1849	0.0504	0.0797	0.1857	0.106	0.1232	0.2551	0.1319	0.0963	0.6048	0.5085	0.1195	0.3202	0.2007	0.0865	0.1615	0.075	0.1411	0.2387	0.0976	0.0694	0.326	0.2566	0.0704	0.3691	0.2987	0.0697
0.0741	0.3417	0.2676	0.1221	0.1728	0.0507	0.066	0.1739	0.1079	0.1	0.2245	0.1245	0.0865	0.4979	0.4114	0.1256	0.1942	0.0686	0.0847	0.152	0.0673	0.1432	0.1989	0.0557	0.0749	0.2877	0.2128	0.0791	0.3612	0.2821	0.0681
0.0826	0.3394	0.2568	0.1158	0.1905	0.0747	0.0826	0.2725	0.1899	0.1074	0.2685	0.1611	0.096	0.5605	0.4645	0.1362	0.2412	0.105	0.0731	0.1478	0.0747	0.13	0.2485	0.1185	0.0467	0.2793	0.2326	0.0857	0.4685	0.3828	0.0628
0.0857	0.3267	0.241	0.1111	0.1673	0.0562	0.0741	0.168	0.0939	0.1319	0.2142	0.0823	0.1042	0.551	0.4468	0.1335	0.2213	0.0878	0.0863	0.1484	0.0621	0.1403	0.2374	0.0971	0.0731	0.3141	0.241	0.0831	0.5854	0.5023	0.0784
0.0907	0.3789	0.2882	0.1445	0.1899	0.0454	0.0733	0.1886	0.1153	0.1071	0.25	0.1429	0.082	0.4967	0.4147	0.1248	0.2053	0.0805	0.0712	0.1913	0.1201	0.134	0.2411	0.1071	0.0802	0.2975	0.2173	0.0823	0.367	0.2847	0.076
0.0868	0.4077	0.3209	0.1171	0.1746	0.0575	0.0731	0.1776	0.1045	0.105	0.2379	0.1329	0.0849	0.6111	0.5262	0.1235	0.233	0.1095	0.0723	0.1526	0.0803	0.1401	0.2678	0.1277	0.0148	0.2366	0.2218	0.0805	0.7083	0.6278	0.077
0.0968	1.0073	0.9105	0.1456	0.1762	0.0306	0.0741	0.1633	0.0892	0.1171	0.2476	0.1305	0.1124	0.5607	0.4483	0.1395	0.4209	0.2814	0.0886	0.1873	0.0987	0.1654	0.2522	0.0868	0.0789	0.2561	0.1772	0.081	0.5933	0.5123	0.0747
0.0715	1.1721	1.1006	0.1332	0.1725	0.0393	0.0797	0.1615	0.0818	0.129	0.1968	0.0678	0.0973	0.5486	0.4513	0.1068	0.2052	0.0984	0.0744	0.1394	0.065	0.1335	0.2417	0.1082	0.0818	0.2967	0.2149	0.0747	0.3612	0.2865	0.0905
0.0744	0.2676	0.1932	0.1203	0.1878	0.0675	0.0583	0.1672	0.1089	0.1298	0.2601	0.1303	0.0984	0.5917	0.4933	0.1208	0.2355	0.1147	0.0707	0.1349	0.0642	0.1477	0.2538	0.1061	0.0668	0.283	0.2162	0.0699	0.3812	0.3113	0.0657
0.0741	0.2563	0.1822	0.11	0.1725	0.0625	0.066	0.1807	0.1147	0.1126	0.2558	0.1432	0.0857	0.533	0.4473	0.1169	0.1974	0.0805	0.0752	0.1507	0.0755	0.1319	0.2359	0.104	0.0747	0.3817	0.307	0.0646	0.3873	0.3227	0.0599
0.0699	0.5229	0.453	0.1205	0.1617	0.0412	0.0528	0.1383	0.0855	0.1308	0.2281	0.0973	0.1008	0.5703	0.4695	0.2095	1.5784	1.3689	0.0852	2.5222	2.437	0.168	0.2234	0.0554	0.0873	0.4531	0.3658	0.0617	0.4624	0.4007	0.0668
0.0702	1.434	1.3638	0.114	0.1433	0.0293	0.072	0.76	0.688	0.0989	0.5546	0.4557	0.0921	0.8643	0.7722	0.1264	0.377	0.2506	0.0836	0.1591	0.0755	0.1385	0.2361	0.0976	0.0733	0.2872	0.2139	0.0784	0.5432	0.4648	0.0731
0.0842	0.3405	0.2563	0.153	0.2398	0.0868	0.0781	0.2145	0.1364	0.1126	0.2835	0.1709	0.0968	0.5529	0.4561	0.1857	0.2946	0.1089	0.0834	0.204	0.1206	0.1519	0.2915	0.1396	0.0849	0.3172	0.2323	0.077	0.5769	0.4999	0.0855
0.0823	0.3372	0.2549	0.115	0.2429	0.1279	0.0683	0.1509	0.0826	0.1155	0.2336	0.1181	0.1021	0.468	0.3659	0.124	0.1923	0.0683	0.0757	0.1409	0.0652	0.1261	0.2042	0.0781	0.081	0.2938	0.2128	0.0712	0.5025	0.4313	0.0752
0.0781	0.9187	0.8406	0.1192	0.1685	0.0493	0.0575	0.1675	0.11	0.1158	0.231	0.1152	0.0897	0.4753	0.3856	0.119	0.1968	0.0778	0.0826	0.1513	0.0687	0.1266	0.1971	0.0705	0.0865	0.2927	0.2062	0.0728	0.555	0.4822	0.0749
0.0686	1.1494	1.0808	0.124	0.1533	0.0293	0.062	0.1804	0.1184	0.1221	0.2529	0.1308	0.0992	0.4978	0.3986	0.1262	0.1697	0.0435	0.0773	0.1589	0.0816	0.13	0.1915	0.0615	0.0802	0.3001	0.2199	0.0839	0.4591	0.3752	0.0863
0.1	0.5764	0.4764	0.1353	0.4571	0.3218	0.0918	0.5127	0.4209	0.1337	0.5664	0.4327	0.1055	0.9368	0.8313	0.1401	0.5768	0.4367	0.0942	0.4859	0.3917	0.0987	0.4426	0.3439	0.0794	0.5662	0.4868	0.0739	0.8765	0.8026	0.0723
0.0707	0.5081	0.4374	0.1087	0.1944	0.0857	0.0723	0.2274	0.1551	0.1063	0.408	0.3017	0.0852	0.5958	0.5106	0.1217	0.2652	0.1435	0.0778	0.2132	0.1354	0.1108	0.2562	0.1454	0.0718	0.3157	0.2439	0.0723	0.5622	0.4899	0.0673
0.0689	0.3692	0.3003	0.0995	0.1768	0.0773	0.0633	0.1831	0.1198	0.1163	0.2532	0.1369	0.082	0.5768	0.4948	0.119	0.239	0.12	0.0844	0.1939	0.1095	0.1174	0.2564	0.139	0.0665	0.3197	0.2532	0.0662	0.7889	0.7227	0.0612
0.0744	0.4425	0.3681	0.1187	0.3927	0.274	0.0715	0.2276	0.1561	0.1111	0.3914	0.2803	0.086	0.5721	0.4861	0.1053	0.1881	0.0828	0.0776	0.2101	0.1325	0.1316	0.2087	0.0771	0.0675	0.2761	0.2086	0.0752	0.6049	0.5297	0.071
0.0599	0.3378	0.2779	0.1013	0.1749	0.0736	0.061	0.1779	0.1169	0.1211	0.2891	0.168	0.1216	0.9469	0.8253	0.0997	0.2282	0.1285	0.0828	0.1699	0.0871	0.1263	0.2224	0.0961	0.0533	0.2901	0.2368	0.076	0.559	0.483	0.0668
0.0773	0.4414	0.3641	0.101	0.1588	0.0578	0.0668	0.1628	0.096	0.1213	0.265	0.1437	0.0926	1.1106	1.018	0.1192	0.5493	0.4301	0.0813	0.199	0.1177	0.1445	0.1976	0.0531	0.0731	0.3226	0.2495	0.071	2.2913	2.2203	0.0578
0.0702	0.3468	0.2766	0.105	0.1747	0.0697	0.0623	0.1886	0.1263	0.1092	0.2611	0.1519	0.0892	0.6496	0.5604	0.1009	0.1924	0.0915	0.0863	0.1856	0.0993	0.1277	0.2449	0.1172	0.0578	0.3215	0.2637	0.0678	0.5105	0.4427	0.0581
0.071	0.3447	0.2737	0.0968	0.148	0.0512	0.0588	0.1851	0.1263	0.1097	0.2595	0.1498	0.0989	0.5806	0.4817	0.124	0.1918	0.0678	0.0749	0.181	0.1061	0.1406	0.2055	0.0649	0.0562	0.3057	0.2495	0.0797	0.5885	0.5088	0.0844
0.0625	0.3602	0.2977	0.1187	0.2329	0.1142	0.0338	0.1304	0.0966	0.1216	0.2511	0.1295	0.1171	0.5581	0.441	0.1045	0.1689	0.0644	0.0791	0.1699	0.0908	0.1525	0.2048	0.0523	0.0786	0.2856	0.207	0.0871	0.9029	0.8158	0.0776
0.0794	0.5384	0.459	0.1242	0.3455	0.2213	0.0744	0.2909	0.2165	0.1063	0.4554	0.3491	0.0989	0.6433	0.5444	0.1193	0.3108	0.1915	0.0905	0.2451	0.1546	0.1316	0.2791	0.1475	0.0797	0.3532	0.2735	0.0958	0.8847	0.7889	0.086
0.0855	0.5614	0.4759	0.11	0.2	0.09	0.0673	0.2074	0.1401	0.1082	0.2712	0.163	0.1087	0.6354	0.5267	0.1211	0.2047	0.0836	0.0828	0.214	0.1312	0.1256	0.2214	0.0958	0.0765	0.4251	0.3486	0.081	0.5885	0.5075	0.0781
0.0934	0.5527	0.4593	0.1192	0.206	0.0868	0.0913	0.2087	0.1174	0.1169	0.3126	0.1957	0.0947	0.5819	0.4872	0.1161	0.1802	0.0641	0.0836	0.1818	0.0982	0.1335	0.8593	0.7258	0.0657	0.3247	0.259	0.071	0.4454	0.3744	0.0757
0.0865	0.3631	0.2766	0.1263	0.1783	0.052	0.0802	0.1905	0.1103	0.1095	0.2543	0.1448	0.1018	0.5072	0.4054	0.1137	0.1794	0.0657	0.0842	0.1613	0.0771	0.1322	0.2359	0.1037	0.0588	0.3365	0.2777	0.0425	0.4685	0.426	0.0786
0.0868	0.5379	0.4511	0.1147	0.3125	0.1978	0.0726	0.2636	0.191	0.1187	0.351	0.2323	0.1008	0.6148	0.514	0.1206	0.2472	0.1266	0.1018	0.1918	0.09	0.1419	0.2435	0.1016	0.0836	0.3172	0.2336	0.0826	0.5416	0.459	0.077
0.0931	0.3254	0.2323	0.1097	0.1997	0.09	0.0699	0.1881	0.1182	0.105	0.2466	0.1416	0.0855	0.5057	0.4202	0.1088	0.1471	0.0383	0.0813	0.1808	0.0995	0.1229	0.2005	0.0776	0.0799	0.3222	0.2423	0.0675	0.487	0.4195	0.0686
0.0733	0.3132	0.2399	0.124	0.1955	0.0715	0.0665	0.1865	0.12	0.0984	0.2582	0.1598	0.096	0.5467	0.4507	0.0966	0.151	0.0544	0.0744	0.1671	0.0927	0.1263	0.1994	0.0731	0.0781	0.3228	0.2447	0.0702	0.7507	0.6805	0.0707
0.0786	0.3446	0.266	0.1184	0.1546	0.0362	0.0686	0.2102	0.1416	0.0863	0.2577	0.1714	0.0847	0.5015	0.4168	0.1105	0.1506	0.0401	0.0744	0.1855	0.1111	0.1332	0.2203	0.0871	0.0596	0.3017	0.2421	0.0805	1.0558	0.9753	0.0828
0.0786	0.3425	0.2639	0.1029	0.1646	0.0617	0.0615	0.9998	0.9383	0.106	0.3251	0.2191	0.0749	0.8279	0.753	0.1127	0.2082	0.0955	0.086	0.1853	0.0993	0.1409	0.2066	0.0657	0.0681	0.3025	0.2344	0.0789	0.4693	0.3904	0.0712
0.0863	0.3576	0.2713	0.1042	0.1746	0.0704	0.0662	0.1759	0.1097	0.1111	0.2799	0.1688	0.0881	0.4964	0.4083	0.1045	0.1773	0.0728	0.0773	0.1568	0.0795	0.1227	0.1897	0.067	0.0607	0.2888	0.2281	0.0715	0.3894	0.3179	0.0631
0.0699	0.3404	0.2705	0.1066	0.1712	0.0646	0.0594	0.171	0.1116	0.0889	0.2445	0.1556	0.0865	1.071	0.9845	0.1043	0.1848	0.0805	0.0776	0.1856	0.108	0.1253	0.2037	0.0784	0.0794	0.3046	0.2252	0.0741	0.4606	0.3865	0.0791
0.0844	0.4918	0.4074	0.1082	0.1707	0.0625	0.071	0.2174	0.1464	0.1153	0.3271	0.2118	0.0934	0.7514	0.658	0.1196	0.2003	0.0807	0.0723	0.1718	0.0995	0.1242	0.2295	0.1053	0.076	0.3099	0.2339	0.076	0.4609	0.3849	0.071
0.0805	0.3921	0.3116	0.1121	0.1686	0.0565	0.0625	0.1854	0.1229	0.124	0.2878	0.1638	0.0776	0.8736	0.796	0.1118	0.2674	0.1556	0.0741	0.171	0.0969	0.129	0.2338	0.1048	0.0802	0.3365	0.2563	0.0855	0.5809	0.4954	0.0852
0.0857	0.3678	0.2821	0.1277	0.2039	0.0762	0.0831	0.1665	0.0834	0.1232	0.2366	0.1134	0.0987	0.5408	0.4421	0.1121	0.1947	0.0826	0.0815	0.1544	0.0729	0.1232	0.2411	0.1179	0.0979	0.3197	0.2218	0.082	0.5305	0.4485	0.0913
0.0889	0.4554	0.3665	0.105	0.1881	0.0831	0.0288	0.1765	0.1477	0.1116	0.303	0.1914	0.0963	0.5402	0.4439	0.1195	0.2013	0.0818	0.0749	0.1855	0.1106	0.1406	0.2153	0.0747	0.0726	0.2923	0.2197	0.0747	0.7199	0.6452	0.0715
0.0805	0.3679	0.2874	0.1261	0.2079	0.0818	0.0649	0.1825	0.1176	0.1079	0.2775	0.1696	0.0913	0.5592	0.4679	0.1172	0.1676	0.0504	0.0886	0.2016	0.113	0.1084	0.1926	0.0842	0.0755	0.2857	0.2102	0.0762	0.4825	0.4063	0.0778
0.0789	0.3454	0.2665	0.129	0.1678	0.0388	0.071	0.1654	0.0944	0.1329	0.2421	0.1092	0.1084	0.5222	0.4138	0.1148	0.1549	0.0401	0.0739	0.1645	0.0906	0.1298	0.1823	0.0525	0.0776	0.2962	0.2186	0.0789	0.5139	0.435	0.0784
0.0802	0.3167	0.2365	0.1229	0.1804	0.0575	0.0736	0.2493	0.1757	0.0425	0.1662	0.1237	0.124	0.7032	0.5792	0.1261	0.2184	0.0923	0.0752	0.1589	0.0837	0.1292	0.2073	0.0781	0.0776	0.3107	0.2331	0.0723	0.4108	0.3385	0.0726
0.0834	0.3441	0.2607	0.1182	0.1681	0.0499	0.0602	0.186	0.1258	0.1071	0.2384	0.1313	0.0913	0.5109	0.4196	0.1245	0.1836	0.0591	0.0807	0.1681	0.0874	0.129	0.2032	0.0742	0.0776	0.277	0.1994	0.0773	0.4983	0.421	0.0797
0.0839	0.375	0.2911	0.139	0.2305	0.0915	0.062	0.1778	0.1158	0.1079	0.2361	0.1282	0.1045	1.2884	1.1839	0.1593	0.375	0.2157	0.0839	0.199	0.1151	0.1517	0.2304	0.0787	0.071	0.2532	0.1822	0.0784	0.617	0.5386	0.0776
0.0839	0.3755	0.2916	0.1258	0.1733	0.0475	0.0789	0.167	0.0881	0.1327	0.317	0.1843	0.0913	0.5093	0.418	0.1364	0.1559	0.0195	0.0892	0.1829	0.0937	0.148	0.2148	0.0668	0.0678	0.2732	0.2054	0.0757	0.4677	0.392	0.0834
0.0733	0.3464	0.2731	0.1155	0.1707	0.0552	0.066	0.8215	0.7555	0.1047	0.2927	0.188	0.1074	0.7367	0.6293	0.1356	0.3057	0.1701	0.0915	0.1573	0.0658	0.1322	0.2217	0.0895	0.0633	0.27	0.2067	0.0794	0.5856	0.5062	0.0815
0.0791	0.4269	0.3478	0.1316	0.1751	0.0435	0.0778	0.1952	0.1174	0.1	0.2213	0.1213	0.1097	0.5545	0.4448	0.1412	0.185	0.0438	0.0797	0.179	0.0993	0.1287	0.2058	0.0771	0.0649	0.3049	0.24	0.0786	0.4622	0.3836	0.0873
0.0839	0.4232	0.3393	0.124	0.1686	0.0446	0.0736	0.1754	0.1018	0.1103	0.2166	0.1063	0.1261	0.526	0.3999	0.1282	0.187	0.0588	0.0944	0.1573	0.0629	0.1335	0.2056	0.0721	0.0739	0.268	0.1941	0.0776	0.4799	0.4023	0.095
0.0842	0.389	0.3048	0.1174	0.1617	0.0443	0.0689	0.1815	0.1126	0.1171	0.4006	0.2835	0.1145	0.6062	0.4917	0.115	0.1765	0.0615	0.0902	0.1821	0.0919	0.1285	0.2404	0.1119	0.0731	0.6617	0.5886	0.0923	0.6969	0.6046	0.066
0.0765	0.5274	0.4509	0.1327	0.1517	0.019	0.0633	0.2007	0.1374	0.1142	0.2679	0.1537	0.0892	5.29	5.2008	0.1288	0.3306	0.2018	0.0794	0.1892	0.1098	0.1456	0.2485	0.1029	0.0831	0.345	0.2619	0.0789	0.7172	0.6383	0.0847
0.0836	0.4074	0.3238	0.13	0.2002	0.0702	0.0087	0.5825	0.5738	0.1079	0.3099	0.202	0.0894	0.5555	0.4661	0.109	0.18	0.071	0.0823	0.1539	0.0716	0.1569	0.2237	0.0668	0.0607	0.3811	0.3204	0.0752	0.3884	0.3132	0.071
0.0702	0.346	0.2758	0.115	0.2021	0.0871	0.0372	0.1588	0.1216	0.1261	0.2334	0.1073	0.0989	0.5209	0.422	0.1246	0.1734	0.0488	0.0834	0.1718	0.0884	0.1205	0.216	0.0955	0.0707	0.3647	0.294	0.0517	0.387	0.3353	0.0747
0.0802	0.3307	0.2505	0.1227	0.209	0.0863	0.0789	0.1755	0.0966	0.1332	0.2548	0.1216	0.1058	0.5141	0.4083	0.1406	0.1839	0.0433	0.0752	0.1523	0.0771	0.1314	0.2072	0.0758	0.0649	0.3882	0.3233	0.0813	0.3736	0.2923	0.0741
0.0886	0.3454	0.2568	0.1474	0.3724	0.225	0.077	0.1641	0.0871	0.1292	0.2774	0.1482	0.0894	0.4637	0.3743	0.1166	0.162	0.0454	0.0873	0.1499	0.0626	0.1448	0.2074	0.0626	0.0818	0.2833	0.2015	0.0784	0.4886	0.4102	0.0673
0.0752	0.2914	0.2162	0.1282	0.2047	0.0765	0.0755	0.1953	0.1198	0.1161	0.2688	0.1527	0.0968	0.507	0.4102	0.118	0.1758	0.0578	0.0836	0.1665	0.0829	0.1514	0.7443	0.5929	0.0757	0.8312	0.7555	0.0834	0.5635	0.4801	0.0723
0.1024	0.3681	0.2657	0.1398	0.1541	0.0143	0.0726	0.1887	0.1161	0.1261	0.2342	0.1081	0.0979	0.5645	0.4666	0.1121	0.172	0.0599	0.0876	0.1581	0.0705	0.1546	0.2475	0.0929	0.0768	0.3468	0.27	0.0784	0.3992	0.3208	0.0921
0.0849	0.3042	0.2193	0.1461	0.1812	0.0351	0.0668	0.1821	0.1153	0.1221	0.2624	0.1403	0.0923	0.5227	0.4304	0.1312	0.2024	0.0712	0.081	0.1394	0.0584	0.1424	0.2195	0.0771	0.0815	0.3059	0.2244	0.0784	0.4918	0.4134	0.0789
0.077	0.3272	0.2502	0.1277	0.1686	0.0409	0.0802	0.253	0.1728	0.0528	0.6293	0.5765	0.0855	0.6381	0.5526	0.1358	0.1941	0.0583	0.0831	0.1855	0.1024	0.138	0.2079	0.0699	0.0807	0.3048	0.2241	0.0868	0.525	0.4382	0.0741
0.0773	1.7301	1.6528	0.1229	0.1712	0.0483	0.0678	0.1746	0.1068	0.115	0.2342	0.1192	0.1026	0.5336	0.431	0.1193	0.1961	0.0768	0.0931	0.2456	0.1525	0.1482	0.2058	0.0576	0.0794	0.3051	0.2257	0.0784	0.3892	0.3108	0.077
0.0776	1.0216	0.944	0.1332	0.1728	0.0396	0.0615	0.1675	0.106	0.1195	0.2445	0.125	0.1	0.4677	0.3677	0.1306	0.1628	0.0322	0.0915	0.161	0.0695	0.1464	0.1921	0.0457	0.0839	0.2904	0.2065	0.0857	0.5197	0.434	0.0741
0.0876	0.4361	0.3485	0.1219	0.1926	0.0707	0.0723	0.1915	0.1192	0.1229	0.2661	0.1432	0.0876	0.4495	0.3619	0.1288	0.1945	0.0657	0.0855	0.166	0.0805	0.1435	0.1987	0.0552	0.0807	0.2603	0.1796	0.0878	0.4809	0.3931	0.0849
0.0752	0.3383	0.2631	0.1348	0.1715	0.0367	0.0599	0.1862	0.1263	0.1142	0.322	0.2078	0.0958	0.5439	0.4481	0.1222	0.1784	0.0562	0.0997	0.1723	0.0726	0.1646	0.1837	0.0191	0.091	0.298	0.207	0.0802	0.4643	0.3841	0.0778
0.0789	0.3117	0.2328	0.1395	0.1662	0.0267	0.0654	0.1883	0.1229	0.1103	0.2374	0.1271	0.1034	0.5138	0.4104	0.1277	0.1604	0.0327	0.0836	0.1834	0.0998	0.1554	0.2048	0.0494	0.0631	0.2817	0.2186	0.0865	0.7631	0.6766	0.0707
0.0786	0.381	0.3024	0.1232	0.1665	0.0433	0.0636	0.1699	0.1063	0.1195	0.2706	0.1511	0.1137	0.5418	0.4281	0.144	0.2076	0.0636	0.0831	0.1768	0.0937	0.1638	0.2187	0.0549	0.0797	0.336	0.2563	0.0799	0.5898	0.5099	0.0702
0.072	0.3728	0.3008	0.1329	0.1532	0.0203	0.0762	0.1957	0.1195	0.1174	0.2561	0.1387	0.1053	0.5903	0.485	0.1369	0.2013	0.0644	0.0847	0.1937	0.109	0.1295	0.1989	0.0694	0.0702	0.4048	0.3346	0.0789	0.5656	0.4867	0.0633